#--- TVector<d>(193) (nr=193, nc=1) ND=2 SizeX*Y*...= 1x193 ---
         0.01
   0.00994792
   0.00989583
   0.00984375
   0.00979167
   0.00973958
    0.0096875
   0.00963542
   0.00958334
   0.00953126
   0.00947918
   0.00942711
   0.00937505
   0.00932303
   0.00927107
   0.00921923
   0.00916762
   0.00911645
   0.00906607
   0.00901712
   0.00897067
   0.00892851
   0.00889353
   0.00887032
   0.00886592
   0.00889096
   0.00896094
   0.00909793
   0.00933237
    0.0097051
    0.0102691
    0.0110906
    0.0122497
    0.0138389
    0.0159596
     0.018717
    0.0222108
    0.0265249
    0.0317136
    0.0377885
    0.0447046
    0.0523504
    0.0605417
    0.0690231
     0.077476
    0.0855363
    0.0928185
    0.0989452
     0.103579
     0.106453
     0.107396
     0.106349
     0.103371
    0.0986327
    0.0924019
    0.0850155
     0.076851
    0.0682939
    0.0597084
    0.0514129
    0.0436629
    0.0366426
    0.0304636
    0.0251707
    0.0207525
    0.0171545
     0.014293
     0.012068
    0.0103747
   0.00911143
   0.00818573
    0.0075176
   0.00704071
   0.00670209
   0.00646094
    0.0062868
   0.00615759
   0.00605782
   0.00597687
   0.00590768
   0.00584567
   0.00578796
   0.00573274
   0.00567895
   0.00562595
    0.0055734
   0.00552107
   0.00546886
   0.00541672
   0.00536461
   0.00531251
   0.00526042
   0.00520834
   0.00515625
   0.00510417
   0.00505208
        0.005
   0.00494792
   0.00489583
   0.00484375
   0.00479167
   0.00473958
    0.0046875
   0.00463542
   0.00458333
   0.00453125
   0.00447917
   0.00442708
     0.004375
   0.00432292
   0.00427083
   0.00421875
   0.00416667
   0.00411458
    0.0040625
   0.00401042
   0.00395833
   0.00390625
   0.00385417
   0.00380208
      0.00375
   0.00369792
   0.00364583
   0.00359375
   0.00354167
   0.00348958
    0.0034375
   0.00338542
   0.00333333
   0.00328125
   0.00322917
   0.00317708
     0.003125
   0.00307292
   0.00302083
   0.00296875
   0.00291667
   0.00286458
    0.0028125
   0.00276042
   0.00270833
   0.00265625
   0.00260417
   0.00255208
       0.0025
   0.00244792
   0.00239583
   0.00234375
   0.00229167
   0.00223958
    0.0021875
   0.00213542
   0.00208333
   0.00203125
   0.00197917
   0.00192708
     0.001875
   0.00182292
   0.00177083
   0.00171875
   0.00166667
   0.00161458
    0.0015625
   0.00151042
   0.00145833
   0.00140625
   0.00135417
   0.00130208
      0.00125
   0.00119792
   0.00114583
   0.00109375
   0.00104167
  0.000989583
    0.0009375
  0.000885417
  0.000833333
   0.00078125
  0.000729167
  0.000677083
     0.000625
  0.000572917
  0.000520833
   0.00046875
  0.000416667
  0.000364583
    0.0003125
  0.000260417
  0.000208333
   0.00015625
  0.000104167
  5.20833e-05
  2.68448e-89