#################################################################### 
#  Selection function file, eta(radial_distance_Mpc) , exp(-r*r/4e6)  
#################################################################### 
0    1 
50    9.993751952718163e-01 
100    9.975031223974601e-01 
150    9.943907906910809e-01 
200    9.900498337491681e-01 
250    9.844964370054085e-01 
300    9.777512371933363e-01 
350    9.698391945907022e-01 
400    9.607894391523232e-01 
450    9.506350918586984e-01 
500    9.394130628134758e-01 
550    9.271638278117531e-01 
600    9.139311852712282e-01 
650    8.997619955676539e-01 
700    8.847059049434836e-01 
750    8.688150562628432e-01 
800    8.521437889662113e-01 
850    8.347483306338712e-01 
900    8.166864825981108e-01 
950    7.980173020503648e-01 
1000    7.788007830714049e-01 
1050    7.590975389709810e-01 
1100    7.389684882589442e-01 
1150    7.184745464840744e-01 
1200    6.976763260710310e-01 
1250    6.766338461617289e-01 
1300    6.554062543268405e-01 
1350    6.340515618580675e-01 
1400    6.126263941844161e-01 
1450    5.911857577781763e-01 
1500    5.697828247309230e-01 
1550    5.484687359889127e-01 
1600    5.272924240430485e-01 
1650    5.063004556733813e-01 
1700    4.85536895154079440e-01 
1750    4.650431881340563e-01 
1800    4.448580662229411e-01 
1850    4.25017472133668861e-01 
1900    4.055545050633206e-01 
1950    3.864993858344642e-01 
2000    3.67879441171442334e-01 
2050    3.497191063509408e-01 
2100    3.32039945344660636e-01 
2150    3.148606874647062e-01 
2200    2.981972794298874e-01 
2250    2.82062951693815456e-01 
2300    2.664682978135241e-01 
2350    2.51421365590295154e-01 
2400    2.36927758682121764e-01 
2450    2.22990747369368664e-01 
2500    2.096113871510978e-01 
2550    1.96788643858491874e-01 
2600    1.84519523992989265e-01 
2650    1.72799209029195322e-01 
2700    1.61621192465339264e-01 
2750    1.509774184559146e-01 
2800    1.408584209210450e-01 
2850    1.312534620939010e-01 
2900    1.2215066953999e-01 
2950    1.13537170759190009e-01 
3000    1.05399224561864333e-01 
3050    9.772234849316869e-02 
3100    9.049144166369592e-02 
3150    8.369090242889261e-02 
3200    7.730474044329974e-02 
3250    7.131668269775804e-02 
3300    6.571027322750285e-02 
3350    6.04689662558646340e-02 
3400    5.557621261148306e-02 
3450    5.10155393260269541e-02 
3500    4.677062238395898e-02 
3550    4.28253526555609360e-02 
3600    3.91638950989870657e-02 
3650    3.57707413663726562e-02 
3700    3.26307559928960336e-02 
3750    2.972921638615875e-02 
3800    2.70518468663504159e-02 
3850    2.45848470355126553e-02 
3900    2.23149147769664026e-02 
3950    2.02292642038255782e-02 
4000    1.831563888873418e-02 
4050    1.656232071581157e-02 
4100    1.49581347005774933e-02 
4150    1.34924501246810758e-02 
4200    1.21551783299149348e-02 
4250    1.09367675106049663e-02 
4300    9.828194835379689e-03 
4350    8.820956218887930e-03 
4400    7.907054051593441e-03 
4450    7.078983181661592e-03 
4500    6.329715427485747e-03 
4550    5.652682882881636e-03 
4600    5.041760259690979e-03 
4650    4.491246494744880e-03 
4700    3.995845830084633e-03 
4750    3.550648557242539e-03 
4800    3.15111159844444141e-03 
4850    2.79303907998274155e-03 
4900    2.472563035874192e-03 
4950    2.186124363389384e-03 
5000    1.93045413622770930e-03 
5050    1.70255536609912857e-03 
5100    1.49968528932984562e-03 
5150    1.31933824188238281e-03 
5200    1.15922917390459137e-03 
5250    1.01727784361470069e-03 
5300    8.915937199952196e-04 
5350    7.804616143998066e-04 
5400    6.823280527563766e-04 
5450    5.957883925498482e-04 
5500    5.195746821548384e-04 
5550    4.52544254321879456e-04 
5600    3.936690406550783e-04 
5650    3.420255897056813e-04 
5700    2.96785767793210668e-04 
5750    2.57208118800665033e-04 
5800    2.22629856918888969e-04 
5850    1.924594645839572e-04 
5900    1.66169866607277341e-04 
5950    1.43292150689532382e-04 
6000    1.23409804086679561e-04 
6050    1.06153436111476073e-04 
6100    9.119595636226604e-05 
6150    7.824817902975734e-05 
6200    6.705482430281112e-05 
6250    5.739088873946875e-05 
6300    4.90583574562077239e-05 
6350    4.18832320864776051e-05 
6400    3.571284964163521e-05 
6450    3.041346864912962e-05 
6500    2.586810022265412e-05 
6550    2.197456301813173e-05 
6600    1.864374233151682e-05 
6650    1.57980348855304252e-05 
6700    1.33699621208438021e-05 
6750    1.13009360431463072e-05 
6800    9.540162873079231e-06 
6850    8.043670894949859e-06 
6900    6.773449997703749e-06 
6950    5.696691444400040e-06 
