0 27.00311719
0.00735 26.74480492
0.0147 26.48876552
0.02205 26.23498217
0.0294 25.98343804
0.03675 25.73411626
0.0441 25.48699998
0.05145 25.2420723
0.0588 24.99931636
0.06615 24.75871526
0.0735 24.52025214
0.08085 24.28391012
0.0882 24.04967235
0.09555 23.81752198
0.1029 23.58744221
0.11025 23.35941623
0.1176 23.13342728
0.12495 22.90945862
0.1323 22.68749356
0.13965 22.46751544
0.147 22.24950764
0.15435 22.03345359
0.1617 21.81933678
0.16905 21.60714074
0.1764 21.39684907
0.18375 21.18844543
0.1911 20.98191353
0.19845 20.77723717
0.2058 20.57440019
0.21315 20.37338654
0.2205 20.17418022
0.22785 19.97676532
0.2352 19.78112601
0.24255 19.58724655
0.2499 19.39511128
0.25725 19.20470463
0.2646 19.01601113
0.27195 18.82901541
0.2793 18.64370218
0.28665 18.46005627
0.294 18.27806259
0.30135 18.09770617
0.3087 17.91897214
0.31605 17.74184574
0.3234 17.56631231
0.33075 17.39235732
0.3381 17.21996634
0.34545 17.04912504
0.3528 16.87981924
0.36015 16.71203483
0.3675 16.54575787
0.37485 16.3809745
0.3822 16.21767099
0.38955 16.05583373
0.3969 15.89544924
0.40425 15.73650415
0.4116 15.57898522
0.41895 15.42287934
0.4263 15.26817349
0.43365 15.11485482
0.441 14.96291057
0.44835 14.81232812
0.4557 14.66309497
0.46305 14.51519875
0.4704 14.36862721
0.47775 14.22336822
0.4851 14.07940977
0.49245 13.93674
0.4998 13.79534714
0.50715 13.65521957
0.5145 13.51634578
0.52185 13.37871439
0.5292 13.24231412
0.53655 13.10713385
0.5439 12.97316254
0.55125 12.84038931
0.5586 12.70880336
0.56595 12.57839403
0.5733 12.44915079
0.58065 12.3210632
0.588 12.19412095
0.59535 12.06831385
0.6027 11.94363181
0.61005 11.82006487
0.6174 11.69760317
0.62475 11.57623696
0.6321 11.45595662
0.63945 11.33675262
0.6468 11.21861555
0.65415 11.10153609
0.6615 10.98550505
0.66885 10.87051333
0.6762 10.75655193
0.68355 10.64361197
0.6909 10.53168465
0.69825 10.4207613
0.7056 10.31083332
0.71295 10.20189223
0.7203 10.09392963
0.72765 9.986937221
0.735 9.880906811
0.74235 9.775830288
0.7497 9.671699638
0.75705 9.568506937
0.7644 9.466244352
0.77175 9.364904139
0.7791 9.264478641
0.78645 9.164960288
0.7938 9.066341596
0.80115 8.968615164
0.8085 8.871773676
0.81585 8.775809895
0.8232 8.680716669
0.83055 8.586486922
0.8379 8.493113656
0.84525 8.400589954
0.8526 8.308908972
0.85995 8.21806394
0.8673 8.128048165
0.87465 8.038855024
0.882 7.950477966
0.88935 7.86291051
0.8967 7.776146243
0.90405 7.690178822
0.9114 7.605001969
0.91875 7.520609473
0.9261 7.436995184
0.93345 7.354153019
0.9408 7.272076955
0.94815 7.19076103
0.9555 7.110199342
0.96285 7.030386048
0.9702 6.951315361
0.97755 6.872981551
0.9849 6.795378944
0.99225 6.71850192
0.9996 6.642344911
1.00695 6.5669024
1.0143 6.492168923
1.02165 6.418139065
1.029 6.344807459
1.03635 6.272168786
1.0437 6.200217773
1.05105 6.128949193
1.0584 6.058357863
1.06575 5.988438644
1.0731 5.919186438
1.08045 5.850596191
1.0878 5.782662887
1.09515 5.715381551
1.1025 5.648747245
1.10985 5.582755071
1.1172 5.517400165
1.12455 5.4526777
1.1319 5.388582886
1.13925 5.325110963
1.1466 5.262257208
1.15395 5.200016928
1.1613 5.138385463
1.16865 5.077358183
1.176 5.01693049
1.18335 4.957097812
1.1907 4.897855609
1.19805 4.839199368
1.2054 4.781124603
1.21275 4.723626853
1.2201 4.666701687
1.22745 4.610344697
1.2348 4.554551499
1.24215 4.499317736
1.2495 4.444639074
1.25685 4.3905112
1.2642 4.336929827
1.27155 4.28389069
1.2789 4.231389544
1.28625 4.179422167
1.2936 4.127984359
1.30095 4.077071939
1.3083 4.026680749
1.31565 3.976806648
1.323 3.927445519
1.33035 3.878593262
1.3377 3.830245796
1.34505 3.782399062
1.3524 3.735049018
1.35975 3.688191642
1.3671 3.641822929
1.37445 3.595938896
1.3818 3.550535576
1.38915 3.505609022
1.3965 3.461155304
1.40385 3.417170511
1.4112 3.373650752
1.41855 3.330592152
1.4259 3.287990857
1.43325 3.24584303
1.4406 3.204144852
1.44795 3.162892525
1.4553 3.122082267
1.46265 3.081710318
1.47 3.041772934
1.47735 3.002266392
1.4847 2.963186988
1.49205 2.924531036
1.4994 2.886294873
1.50675 2.848474852
1.5141 2.811067348
1.52145 2.774068757
1.5288 2.737475493
1.53615 2.701283994
1.5435 2.665490715
1.55085 2.630092135
1.5582 2.595084752
1.56555 2.560465089
1.5729 2.526229688
1.58025 2.492375113
1.5876 2.458897951
1.59495 2.425794812
1.6023 2.393062329
1.60965 2.360697155
1.617 2.328695969
1.62435 2.297055474
1.6317 2.265772394
1.63905 2.234843478
1.6464 2.2042655
1.65375 2.174035257
1.6611 2.14414957
1.66845 2.114605285
1.6758 2.085399274
1.68315 2.056528432
1.6905 2.027989679
1.69785 1.999779962
1.7052 1.971896252
1.71255 1.944335544
1.7199 1.91709486
1.72725 1.890171247
1.7346 1.863561778
1.74195 1.83726355
1.7493 1.811273687
1.75665 1.785589338
1.764 1.760207677
1.77135 1.735125904
1.7787 1.710341244
1.78605 1.685850947
1.7934 1.661652289
1.80075 1.637742571
1.8081 1.614119117
1.81545 1.590779278
1.8228 1.56772043
1.83015 1.54493997
1.8375 1.522435323
1.84485 1.500203936
1.8522 1.478243279
1.85955 1.456550848
1.8669 1.43512416
1.87425 1.413960755
1.8816 1.393058197
1.88895 1.372414071
1.8963 1.352025985
1.90365 1.331891567
1.911 1.312008467
1.91835 1.292374357
1.9257 1.272986927
1.93305 1.25384389
1.9404 1.234942976
1.94775 1.216281937
1.9551 1.197858541
1.96245 1.179670576
1.9698 1.161715847
1.97715 1.143992179
1.9845 1.126497412
1.99185 1.109229403
1.9992 1.092186025
2.00655 1.075365167
2.0139 1.058764735
2.02125 1.042382649
2.0286 1.026216841
2.03595 1.010265261
2.0433 0.9945258714
2.05065 0.9789966464
2.058 0.9636755746
2.06535 0.9485606565
2.0727 0.9336499048
2.08005 0.9189413439
2.0874 0.9044330093
2.09475 0.8901229475
2.1021 0.8760092156
2.10945 0.862089881
2.1168 0.8483630209
2.12415 0.8348267219
2.1315 0.8214790802
2.13885 0.8083182006
2.1462 0.7953421969
2.15355 0.782549191
2.1609 0.7699373134
2.16825 0.7575047022
2.1756 0.7452495032
2.18295 0.73316987
2.1903 0.7212639633
2.19765 0.709529951
2.205 0.697966008
2.21235 0.6865703162
2.2197 0.6753410641
2.22705 0.6642764469
2.2344 0.6533746664
2.24175 0.6426339307
2.2491 0.6320524546
2.25645 0.6216284592
2.2638 0.6113601717
2.27115 0.601245826
2.2785 0.5912836621
2.28585 0.5814719266
2.2932 0.5718088723
2.30055 0.5622927585
2.3079 0.552921851
2.31525 0.5436944224
2.3226 0.5346087516
2.32995 0.5256631246
2.3373 0.516855834
2.34465 0.5081851797
2.352 0.4996494683
2.35935 0.4912470141
2.3667 0.4829761386
2.37405 0.4748351709
2.3814 0.4668224479
2.38875 0.4589363143
2.3961 0.4511751229
2.40345 0.443537235
2.4108 0.4360210202
2.41815 0.4286248569
2.4255 0.4213471321
2.43285 0.4141862422
2.4402 0.4071405929
2.44755 0.4002085992
2.4549 0.3933886861
2.46225 0.3866792883
2.4696 0.3800788509
2.47695 0.3735858294
2.4843 0.3671986898
2.49165 0.360915909
2.499 0.3547359751
2.50635 0.3486573872
2.5137 0.3426786564
2.52105 0.3367983051
2.5284 0.3310148678
2.53575 0.3253268913
2.5431 0.3197329346
2.55045 0.3142315694
2.5578 0.3088213803
2.56515 0.3035009645
2.5725 0.2982689329
2.57985 0.2931239094
2.5872 0.2880645316
2.59455 0.2830894509
2.6019 0.2781973325
2.60925 0.2733868557
2.6166 0.2686567141
2.62395 0.2640056158
2.6313 0.2594322831
2.63865 0.2549354534
2.646 0.2505138785
2.65335 0.2461663256
2.6607 0.2418915765
2.66805 0.2376884286
2.6754 0.2335556941
2.68275 0.2294922009
2.6901 0.2254967923
2.69745 0.221568327
2.7048 0.2177056793
2.71215 0.2139077393
2.7195 0.2101734125
2.72685 0.2065016204
2.7342 0.2028913
2.74155 0.1993414043
2.7489 0.1958509021
2.75625 0.1924187776
2.7636 0.1890440312
2.77095 0.185725679
2.7783 0.1824627525
2.78565 0.1792542993
2.793 0.1760993824
2.80035 0.1729970803
2.8077 0.1699464874
2.81505 0.1669467132
2.8224 0.1639968827
2.82975 0.1610961361
2.8371 0.1582436288
2.84445 0.1554385313
2.8518 0.1526800289
2.85915 0.1499673219
2.8665 0.1472996251
2.87385 0.1446761679
2.8812 0.142096194
2.88855 0.1395589613
2.8959 0.137063742
2.90325 0.1346098219
2.9106 0.1321965005
2.91795 0.1298230908
2.9253 0.1274889193
2.93265 0.1251933255
2.94 0.1229356616
2.94735 0.1207152928
2.9547 0.1185315967
2.96205 0.1163839631
2.9694 0.1142717938
2.97675 0.1121945025
2.9841 0.1101515146
2.99145 0.1081422667
2.9988 0.1061662065
3.00615 0.1042227929
3.0135 0.1023114952
3.02085 0.1004317931
3.0282 0.09858317677
3.03555 0.09676514611
3.0429 0.09497721087
3.05025 0.09321889027
3.0576 0.09148971282
3.06495 0.08978921606
3.0723 0.08811694637
3.07965 0.08647245869
3.087 0.08485531637
3.09435 0.08326509089
3.1017 0.08170136167
3.10905 0.08016371587
3.1164 0.07865174816
3.12375 0.07716506053
3.1311 0.07570326208
3.13845 0.07426596886
3.1458 0.07285280361
3.15315 0.07146339567
3.1605 0.0700973807
3.16785 0.06875440058
3.1752 0.06743410323
3.18255 0.06613614239
3.1899 0.06486017754
3.19725 0.06360587369
3.2046 0.06237290125
3.21195 0.0611609359
3.2193 0.05996965843
3.22665 0.05879875461
3.234 0.05764791509
3.24135 0.05651683524
3.2487 0.05540521507
3.25605 0.05431275907
3.2634 0.05323917616
3.27075 0.05218417955
3.2781 0.05114748664
3.28545 0.05012881895
3.2928 0.04912790201
3.30015 0.04814446529
3.3075 0.0471782421
3.31485 0.04622896952
3.3222 0.04529638833
3.32955 0.04438024295
3.3369 0.04348028135
3.34425 0.04259625497
3.3516 0.04172791872
3.35895 0.04087503086
3.3663 0.04003735298
3.37365 0.03921464992
3.381 0.03840668973
3.38835 0.03761324365
3.3957 0.03683408599
3.40305 0.03606899415
3.4104 0.03531774856
3.41775 0.03458013262
3.4251 0.03385593267
3.43245 0.03314493795
3.4398 0.03244694057
3.44715 0.03176173545
3.4545 0.03108912031
3.46185 0.03042889561
3.4692 0.02978086453
3.47655 0.02914483294
3.4839 0.02852060936
3.49125 0.02790800493
3.4986 0.02730683335
3.50595 0.02671691092
3.5133 0.02613805643
3.52065 0.02557009117
3.528 0.02501283892
3.53535 0.02446612586
3.5427 0.0239297806
3.55005 0.02340363411
3.5574 0.02288751974
3.56475 0.02238127313
3.5721 0.02188473224
3.57945 0.02139773727
3.5868 0.02092013069
3.59415 0.02045175716
3.6015 0.01999246355
3.60885 0.01954209887
3.6162 0.01910051427
3.62355 0.01866756302
3.6309 0.01824310047
3.63825 0.01782698403
3.6456 0.01741907314
3.65295 0.01701922926
3.6603 0.01662731582
3.66765 0.01624319822
3.675 0.01586674382
3.68235 0.01549782185
3.6897 0.01513630346
3.69705 0.01478206168
3.7044 0.01443497135
3.71175 0.01409490916
3.7191 0.01376175358
3.72645 0.01343538489
3.7338 0.0131156851
3.74115 0.01280253796
3.7485 0.01249582893
3.75585 0.01219544518
3.7632 0.01190127553
3.77055 0.01161321047
3.7779 0.01133114211
3.78525 0.01105496418
3.7926 0.01078457198
3.79995 0.0105198624
3.8073 0.01026073389
3.81465 0.0100070864
3.822 0.009758821417
3.82935 0.009515841922
3.8367 0.009278052363
3.84405 0.009045358649
3.8514 0.008817668126
3.85875 0.008594889561
3.8661 0.008376933124
3.87345 0.008163710368
3.8808 0.007955134215
3.88815 0.007751118937
3.8955 0.007551580135
3.90285 0.007356434728
3.9102 0.007165600934
3.91755 0.006978998249
3.9249 0.006796547437
3.93225 0.006618170509
3.9396 0.006443790708
3.94695 0.006273332494
3.9543 0.006106721524
3.96165 0.005943884642
3.969 0.005784749858
3.97635 0.005629246337
3.9837 0.005477304378
3.99105 0.005328855405
3.9984 0.005183831946
4.00575 0.005042167622
4.0131 0.004903797131
4.02045 0.004768656233
4.0278 0.004636681736
4.03515 0.00450781148
4.0425 0.004381984324
4.04985 0.004259140133
4.0572 0.004139219762
4.06455 0.004022165042
4.0719 0.003907918768
4.07925 0.003796424687
4.0866 0.003687627478
4.09395 0.003581472745
4.1013 0.003477907004
4.10865 0.003376877666
4.116 0.003278333026
4.12335 0.003182222251
4.1307 0.003088495369
4.13805 0.002997103252
4.1454 0.002907997608
4.15275 0.002821130969
4.1601 0.002736456676
4.16745 0.002653928869
4.1748 0.002573502477
4.18215 0.002495133205
4.1895 0.002418777521
4.19685 0.002344392649
4.2042 0.002271936554
4.21155 0.002201367934
4.2189 0.002132646208
4.22625 0.002065731507
4.2336 0.00200058466
4.24095 0.001937167188
4.2483 0.001875441291
4.25565 0.001815369841
4.263 0.001756916368
4.27035 0.001700045053
4.2777 0.001644720721
4.28505 0.001590908825
4.2924 0.001538575441
4.29975 0.001487687261
4.3071 0.001438211578
4.31445 0.001390116282
4.3218 0.00134336985
4.32915 0.001297941335
4.3365 0.00125380036
4.34385 0.001210917112
4.3512 0.001169262325
4.35855 0.001128807283
4.3659 0.001089523802
4.37325 0.001051384229
4.3806 0.001014361431
4.38795 0.000978428787
4.3953 0.0009435601818
4.40265 0.0009097299973
4.41 0.0008769131056
4.41735 0.0008450848616
4.4247 0.0008142210952
4.43205 0.0007842981049
4.4394 0.00075529265
4.44675 0.0007271819441
4.4541 0.0006999436478
4.46145 0.0006735558621
4.4688 0.0006479971215
4.47615 0.0006232463876
4.4835 0.000599283042
4.49085 0.0005760868802
4.4982 0.0005536381052
4.50555 0.0005319173207
4.5129 0.0005109055252
4.52025 0.0004905841057
4.5276 0.0004709348316
4.53495 0.0004519398484
4.5423 0.0004335816718
4.54965 0.000415843182
4.557 0.0003987076174
4.56435 0.0003821585694
4.5717 0.0003661799759
4.57905 0.0003507561162
4.5864 0.0003358716053
4.59375 0.0003215113882
4.6011 0.0003076607345
4.60845 0.0002943052329
4.6158 0.0002814307861
4.62315 0.0002690236052
4.6305 0.0002570702047
4.63785 0.0002455573971
4.6452 0.0002344722881
4.65255 0.0002238022711
4.6599 0.0002135350229
4.66725 0.000203658498
4.6746 0.0001941609244
4.68195 0.0001850307982
4.6893 0.0001762568794
4.69665 0.0001678281871
4.704 0.0001597339944
4.71135 0.0001519638248
4.7187 0.0001445074468
4.72605 0.00013735487
4.7334 0.0001304963406
4.74075 0.0001239223372
4.7481 0.0001176235666
4.75545 0.0001115909596
4.7628 0.000105815667
4.77015 0.0001002890555
4.7775 9.500270395e-05
