0 27.0031
0.00735 26.7447
0.0147 26.4886
0.02205 26.2347
0.0294 25.9831
0.03675 25.7337
0.0441 25.4865
0.05145 25.2415
0.0588 24.9986
0.06615 24.7579
0.0735 24.5194
0.08085 24.2829
0.0882 24.0486
0.09555 23.8164
0.1029 23.5862
0.11025 23.3581
0.1176 23.132
0.12495 22.9079
0.1323 22.6859
0.13965 22.4658
0.147 22.2477
0.15435 22.0316
0.1617 21.8174
0.16905 21.6051
0.1764 21.3947
0.18375 21.1862
0.1911 20.9796
0.19845 20.7748
0.2058 20.5719
0.21315 20.3708
0.2205 20.1715
0.22785 19.974
0.2352 19.7783
0.24255 19.5843
0.2499 19.3921
0.25725 19.2016
0.2646 19.0128
0.27195 18.8257
0.2793 18.6403
0.28665 18.4566
0.294 18.2745
0.30135 18.0941
0.3087 17.9153
0.31605 17.7381
0.3234 17.5624
0.33075 17.3884
0.3381 17.2159
0.34545 17.045
0.3528 16.8756
0.36015 16.7078
0.3675 16.5414
0.37485 16.3766
0.3822 16.2132
0.38955 16.0513
0.3969 15.8908
0.40425 15.7318
0.4116 15.5742
0.41895 15.418
0.4263 15.2632
0.43365 15.1099
0.441 14.9578
0.44835 14.8072
0.4557 14.6579
0.46305 14.5099
0.4704 14.3633
0.47775 14.218
0.4851 14.0739
0.49245 13.9312
0.4998 13.7897
0.50715 13.6495
0.5145 13.5106
0.52185 13.3729
0.5292 13.2365
0.53655 13.1012
0.5439 12.9672
0.55125 12.8344
0.5586 12.7027
0.56595 12.5722
0.5733 12.4429
0.58065 12.3148
0.588 12.1878
0.59535 12.0619
0.6027 11.9372
0.61005 11.8136
0.6174 11.6911
0.62475 11.5697
0.6321 11.4493
0.63945 11.3301
0.6468 11.2119
0.65415 11.0948
0.6615 10.9787
0.66885 10.8637
0.6762 10.7497
0.68355 10.6367
0.6909 10.5247
0.69825 10.4137
0.7056 10.3038
0.71295 10.1948
0.7203 10.0868
0.72765 9.97976
0.735 9.87369
0.74235 9.76857
0.7497 9.66441
0.75705 9.56118
0.7644 9.45888
0.77175 9.35751
0.7791 9.25705
0.78645 9.1575
0.7938 9.05885
0.80115 8.96109
0.8085 8.86422
0.81585 8.76823
0.8232 8.67311
0.83055 8.57885
0.8379 8.48545
0.84525 8.3929
0.8526 8.3012
0.85995 8.21033
0.8673 8.12029
0.87465 8.03107
0.882 7.94268
0.88935 7.85509
0.8967 7.7683
0.90405 7.68232
0.9114 7.59712
0.91875 7.51271
0.9261 7.42908
0.93345 7.34622
0.9408 7.26413
0.94815 7.1828
0.9555 7.10222
0.96285 7.0224
0.9702 6.94331
0.97755 6.86497
0.9849 6.78735
0.99225 6.71047
0.9996 6.6343
1.00695 6.55885
1.0143 6.48411
1.02165 6.41007
1.029 6.33673
1.03635 6.26409
1.0437 6.19213
1.05105 6.12086
1.0584 6.05026
1.06575 5.98034
1.0731 5.91109
1.08045 5.84249
1.0878 5.77456
1.09515 5.70728
1.1025 5.64065
1.10985 5.57465
1.1172 5.5093
1.12455 5.44458
1.1319 5.38049
1.13925 5.31702
1.1466 5.25417
1.15395 5.19194
1.1613 5.13031
1.16865 5.06929
1.176 5.00887
1.18335 4.94904
1.1907 4.88981
1.19805 4.83116
1.2054 4.7731
1.21275 4.71561
1.2201 4.65869
1.22745 4.60235
1.2348 4.54657
1.24215 4.49135
1.2495 4.43668
1.25685 4.38257
1.2642 4.329
1.27155 4.27597
1.2789 4.22349
1.28625 4.17154
1.2936 4.12012
1.30095 4.06922
1.3083 4.01885
1.31565 3.96899
1.323 3.91965
1.33035 3.87081
1.3377 3.82249
1.34505 3.77466
1.3524 3.72733
1.35975 3.68049
1.3671 3.63415
1.37445 3.58828
1.3818 3.5429
1.38915 3.498
1.3965 3.45357
1.40385 3.40961
1.4112 3.36611
1.41855 3.32308
1.4259 3.2805
1.43325 3.23838
1.4406 3.19671
1.44795 3.15548
1.4553 3.1147
1.46265 3.07435
1.47 3.03444
1.47735 2.99496
1.4847 2.95591
1.49205 2.91728
1.4994 2.87908
1.50675 2.84128
1.5141 2.80391
1.52145 2.76694
1.5288 2.73037
1.53615 2.69421
1.5435 2.65845
1.55085 2.62308
1.5582 2.58811
1.56555 2.55352
1.5729 2.51932
1.58025 2.48549
1.5876 2.45205
1.59495 2.41898
1.6023 2.38628
1.60965 2.35395
1.617 2.32198
1.62435 2.29037
1.6317 2.25912
1.63905 2.22823
1.6464 2.19768
1.65375 2.16749
1.6611 2.13764
1.66845 2.10813
1.6758 2.07896
1.68315 2.05012
1.6905 2.02162
1.69785 1.99345
1.7052 1.9656
1.71255 1.93807
1.7199 1.91087
1.72725 1.88398
1.7346 1.85741
1.74195 1.83115
1.7493 1.8052
1.75665 1.77955
1.764 1.7542
1.77135 1.72916
1.7787 1.70441
1.78605 1.67996
1.7934 1.6558
1.80075 1.63193
1.8081 1.60834
1.81545 1.58504
1.8228 1.56202
1.83015 1.53928
1.8375 1.51681
1.84485 1.49462
1.8522 1.4727
1.85955 1.45104
1.8669 1.42966
1.87425 1.40853
1.8816 1.38767
1.88895 1.36706
1.8963 1.34672
1.90365 1.32662
1.911 1.30678
1.91835 1.28718
1.9257 1.26783
1.93305 1.24873
1.9404 1.22987
1.94775 1.21125
1.9551 1.19287
1.96245 1.17472
1.9698 1.1568
1.97715 1.13912
1.9845 1.12166
1.99185 1.10444
1.9992 1.08743
2.00655 1.07065
2.0139 1.05409
2.02125 1.03775
2.0286 1.02162
2.03595 1.00571
2.0433 0.990012
2.05065 0.974523
2.058 0.959242
2.06535 0.944167
2.0727 0.929296
2.08005 0.914627
2.0874 0.900159
2.09475 0.885888
2.1021 0.871814
2.10945 0.857935
2.1168 0.844247
2.12415 0.830751
2.1315 0.817443
2.13885 0.804321
2.1462 0.791385
2.15355 0.778631
2.1609 0.766058
2.16825 0.753665
2.1756 0.741448
2.18295 0.729408
2.1903 0.71754
2.19765 0.705845
2.205 0.69432
2.21235 0.682962
2.2197 0.671771
2.22705 0.660745
2.2344 0.649881
2.24175 0.639178
2.2491 0.628635
2.25645 0.618248
2.2638 0.608017
2.27115 0.59794
2.2785 0.588015
2.28585 0.57824
2.2932 0.568614
2.30055 0.559134
2.3079 0.549799
2.31525 0.540608
2.3226 0.531558
2.32995 0.522648
2.3373 0.513877
2.34465 0.505241
2.352 0.496741
2.35935 0.488373
2.3667 0.480137
2.37405 0.47203
2.3814 0.464051
2.38875 0.456199
2.3961 0.448472
2.40345 0.440867
2.4108 0.433384
2.41815 0.426021
2.4255 0.418776
2.43285 0.411647
2.4402 0.404633
2.44755 0.397733
2.4549 0.390945
2.46225 0.384267
2.4696 0.377697
2.47695 0.371235
2.4843 0.364878
2.49165 0.358625
2.499 0.352475
2.50635 0.346426
2.5137 0.340477
2.52105 0.334625
2.5284 0.328871
2.53575 0.323211
2.5431 0.317645
2.55045 0.312171
2.5578 0.306789
2.56515 0.301495
2.5725 0.29629
2.57985 0.291172
2.5872 0.286139
2.59455 0.281189
2.6019 0.276323
2.60925 0.271538
2.6166 0.266833
2.62395 0.262206
2.6313 0.257657
2.63865 0.253185
2.646 0.248787
2.65335 0.244463
2.6607 0.240211
2.66805 0.236031
2.6754 0.231921
2.68275 0.22788
2.6901 0.223906
2.69745 0.22
2.7048 0.216158
2.71215 0.212382
2.7195 0.208668
2.72685 0.205017
2.7342 0.201427
2.74155 0.197897
2.7489 0.194426
2.75625 0.191014
2.7636 0.187658
2.77095 0.184359
2.7783 0.181115
2.78565 0.177925
2.793 0.174788
2.80035 0.171704
2.8077 0.168671
2.81505 0.165688
2.8224 0.162756
2.82975 0.159872
2.8371 0.157036
2.84445 0.154248
2.8518 0.151505
2.85915 0.148809
2.8665 0.146157
2.87385 0.143549
2.8812 0.140984
2.88855 0.138462
2.8959 0.135982
2.90325 0.133543
2.9106 0.131144
2.91795 0.128785
2.9253 0.126465
2.93265 0.124183
2.94 0.12194
2.94735 0.119733
2.9547 0.117563
2.96205 0.115428
2.9694 0.113329
2.97675 0.111265
2.9841 0.109234
2.99145 0.107238
2.9988 0.105274
3.00615 0.103343
3.0135 0.101444
3.02085 0.0995759
3.0282 0.0977391
3.03555 0.0959327
3.0429 0.0941562
3.05025 0.0924092
3.0576 0.0906913
3.06495 0.0890018
3.0723 0.0873405
3.07965 0.0857068
3.087 0.0841003
3.09435 0.0825207
3.1017 0.0809673
3.10905 0.07944
3.1164 0.0779382
3.12375 0.0764616
3.1311 0.0750097
3.13845 0.0735822
3.1458 0.0721788
3.15315 0.0707989
3.1605 0.0694424
3.16785 0.0681088
3.1752 0.0667977
3.18255 0.0655089
3.1899 0.064242
3.19725 0.0629966
3.2046 0.0617725
3.21195 0.0605693
3.2193 0.0593866
3.22665 0.0582243
3.234 0.0570819
3.24135 0.0559591
3.2487 0.0548557
3.25605 0.0537714
3.2634 0.0527059
3.27075 0.0516589
3.2781 0.05063
3.28545 0.0496191
3.2928 0.0486259
3.30015 0.0476501
3.3075 0.0466913
3.31485 0.0457495
3.3222 0.0448242
3.32955 0.0439153
3.3369 0.0430225
3.34425 0.0421456
3.3516 0.0412842
3.35895 0.0404382
3.3663 0.0396074
3.37365 0.0387914
3.381 0.0379901
3.38835 0.0372032
3.3957 0.0364306
3.40305 0.0356719
3.4104 0.034927
3.41775 0.0341956
3.4251 0.0334776
3.43245 0.0327727
3.4398 0.0320807
3.44715 0.0314015
3.4545 0.0307347
3.46185 0.0300803
3.4692 0.029438
3.47655 0.0288076
3.4839 0.028189
3.49125 0.0275819
3.4986 0.0269861
3.50595 0.0264016
3.5133 0.025828
3.52065 0.0252653
3.528 0.0247132
3.53535 0.0241715
3.5427 0.0236402
3.55005 0.023119
3.5574 0.0226078
3.56475 0.0221064
3.5721 0.0216146
3.57945 0.0211323
3.5868 0.0206593
3.59415 0.0201955
3.6015 0.0197407
3.60885 0.0192947
3.6162 0.0188575
3.62355 0.0184289
3.6309 0.0180087
3.63825 0.0175968
3.6456 0.017193
3.65295 0.0167972
3.6603 0.0164093
3.66765 0.0160292
3.675 0.0156566
3.68235 0.0152915
3.6897 0.0149338
3.69705 0.0145833
3.7044 0.0142399
3.71175 0.0139034
3.7191 0.0135739
3.72645 0.013251
3.7338 0.0129348
3.74115 0.012625
3.7485 0.0123217
3.75585 0.0120246
3.7632 0.0117337
3.77055 0.0114489
3.7779 0.01117
3.78525 0.0108969
3.7926 0.0106296
3.79995 0.0103679
3.8073 0.0101117
3.81465 0.009861
3.822 0.00961561
3.82935 0.00937547
3.8367 0.00914047
3.84405 0.00891052
3.8514 0.00868553
3.85875 0.00846541
3.8661 0.00825007
3.87345 0.00803942
3.8808 0.00783338
3.88815 0.00763185
3.8955 0.00743476
3.90285 0.00724203
3.9102 0.00705357
3.91755 0.00686929
3.9249 0.00668914
3.93225 0.00651301
3.9396 0.00634085
3.94695 0.00617257
3.9543 0.0060081
3.96165 0.00584737
3.969 0.00569031
3.97635 0.00553684
3.9837 0.0053869
3.99105 0.00524041
3.9984 0.00509732
4.00575 0.00495755
4.0131 0.00482105
4.02045 0.00468774
4.0278 0.00455756
4.03515 0.00443046
4.0425 0.00430637
4.04985 0.00418523
4.0572 0.00406699
4.06455 0.00395158
4.0719 0.00383894
4.07925 0.00372903
4.0866 0.00362179
4.09395 0.00351717
4.1013 0.0034151
4.10865 0.00331554
4.116 0.00321844
4.12335 0.00312375
4.1307 0.00303141
4.13805 0.00294139
4.1454 0.00285362
4.15275 0.00276806
4.1601 0.00268468
4.16745 0.00260341
4.1748 0.00252423
4.18215 0.00244707
4.1895 0.00237191
4.19685 0.00229869
4.2042 0.00222738
4.21155 0.00215793
4.2189 0.00209031
4.22625 0.00202447
4.2336 0.00196038
4.24095 0.001898
4.2483 0.00183728
4.25565 0.0017782
4.263 0.00172072
4.27035 0.0016648
4.2777 0.00161041
4.28505 0.00155751
4.2924 0.00150607
4.29975 0.00145606
4.3071 0.00140744
4.31445 0.00136018
4.3218 0.00131425
4.32915 0.00126963
4.3365 0.00122627
4.34385 0.00118415
4.3512 0.00114325
4.35855 0.00110353
4.3659 0.00106496
4.37325 0.00102752
4.3806 0.000991185
4.38795 0.000955922
4.3953 0.000921707
4.40265 0.000888517
4.41 0.000856324
4.41735 0.000825106
4.4247 0.000794838
4.43205 0.000765497
4.4394 0.000737059
4.44675 0.000709503
4.4541 0.000682806
4.46145 0.000656946
4.4688 0.000631902
4.47615 0.000607654
4.4835 0.000584181
4.49085 0.000561462
4.4982 0.00053948
4.50555 0.000518213
4.5129 0.000497644
4.52025 0.000477754
4.5276 0.000458525
4.53495 0.00043994
4.5423 0.000421981
4.54965 0.00040463
4.557 0.000387873
4.56435 0.000371692
4.5717 0.000356072
4.57905 0.000340997
4.5864 0.000326451
4.59375 0.000312421
4.6011 0.000298891
4.60845 0.000285847
4.6158 0.000273276
4.62315 0.000261163
4.6305 0.000249496
4.63785 0.000238262
4.6452 0.000227446
4.65255 0.000217039
4.6599 0.000207026
4.66725 0.000197396
4.6746 0.000188138
4.68195 0.000179241
4.6893 0.000170692
4.69665 0.000162482
4.704 0.0001546
4.71135 0.000147035
4.7187 0.000139777
4.72605 0.000132817
4.7334 0.000126145
4.74075 0.000119752
4.7481 0.000113627
4.75545 0.000107764
4.7628 0.000102152
4.77015 9.67828e-05
4.7775 9.1649e-05
4.78485 8.6742e-05
4.7922 8.2054e-05
4.79955 7.75772e-05
4.8069 7.33043e-05
4.81425 6.92279e-05
4.8216 6.53409e-05
4.82895 6.16364e-05
4.8363 5.81076e-05
4.84365 5.47479e-05
4.851 5.15511e-05
4.85835 4.85108e-05
4.8657 4.5621e-05
4.87305 4.28759e-05
4.8804 4.02696e-05
4.88775 3.77967e-05
4.8951 3.54518e-05
4.90245 3.32296e-05
4.9098 3.1125e-05
4.91715 2.91331e-05
4.9245 2.7249e-05
4.93185 2.54682e-05
4.9392 2.3786e-05
4.94655 2.21983e-05
4.9539 2.07006e-05
4.96125 1.9289e-05
4.9686 1.79594e-05
4.97595 1.6708e-05
4.9833 1.55311e-05
4.99065 1.44252e-05
4.998 1.33867e-05
5.00535 1.24124e-05
5.0127 1.1499e-05
5.02005 1.06435e-05
5.0274 9.84274e-06
5.03475 9.094e-06
5.0421 8.39448e-06
5.04945 7.74151e-06
5.0568 7.13255e-06
5.06415 6.56517e-06
5.0715 6.037e-06
5.07885 5.54582e-06
5.0862 5.08947e-06
5.09355 4.6659e-06
5.1009 4.27315e-06
5.10825 3.90934e-06
5.1156 3.57269e-06
5.12295 3.2615e-06
5.1303 2.97414e-06
5.13765 2.70908e-06
5.145 2.46485e-06
5.15235 2.24007e-06
5.1597 2.03343e-06
5.16705 1.84367e-06
5.1744 1.66962e-06
5.18175 1.51017e-06
5.1891 1.36427e-06
5.19645 1.23093e-06
5.2038 1.10922e-06
5.21115 9.98258e-07
5.2185 8.97233e-07
5.22585 8.05369e-07
5.2332 7.21945e-07
5.24055 6.46287e-07
5.2479 5.77763e-07
5.25525 5.15787e-07
5.2626 4.59809e-07
5.26995 4.0932e-07
5.2773 3.63847e-07
5.28465 3.2295e-07
5.292 2.86224e-07
5.29935 2.53291e-07
5.3067 2.23804e-07
5.31405 1.97444e-07
5.3214 1.73914e-07
5.32875 1.52944e-07
5.3361 1.34286e-07
5.34345 1.17711e-07
5.3508 1.0301e-07
5.35815 8.99942e-08
5.3655 7.84888e-08
5.37285 6.8336e-08
5.3802 5.93924e-08
5.38755 5.15277e-08
5.3949 4.46241e-08
5.40225 3.8575e-08
5.4096 3.32843e-08
5.41695 2.86655e-08
5.4243 2.46409e-08
5.43165 2.11405e-08
5.439 1.81021e-08
5.44635 1.54698e-08
5.4537 1.31938e-08
5.46105 1.12298e-08
5.4684 9.53857e-09
5.47575 8.08515e-09
5.4831 6.83874e-09
5.49045 5.7721e-09
5.4978 4.86127e-09
5.50515 4.08518e-09
5.5125 3.42535e-09
5.51985 2.86561e-09
5.5272 2.39186e-09
5.53455 1.99181e-09
5.5419 1.65478e-09
5.54925 1.3715e-09
5.5566 1.13398e-09
5.56395 9.35305e-10
5.5713 7.69528e-10
5.57865 6.31545e-10
5.586 5.16986e-10
5.59335 4.22118e-10
5.6007 3.43759e-10
5.60805 2.79205e-10
5.6154 2.26166e-10
5.62275 1.82705e-10
5.6301 1.47189e-10
5.63745 1.18246e-10
5.6448 9.47263e-11
5.65215 7.56673e-11
5.6595 6.02675e-11
5.66685 4.78607e-11
5.6742 3.78947e-11
5.68155 2.99133e-11
5.6889 2.35407e-11
5.69625 1.84682e-11
5.7036 1.44432e-11
5.71095 1.12594e-11
5.7183 8.74914e-12
5.72565 6.77629e-12
5.733 5.23091e-12
5.74035 4.0244e-12
5.7477 3.08564e-12
5.75505 2.3577e-12
5.7624 1.7952e-12
5.76975 1.36205e-12
5.7771 1.02971e-12
5.78445 7.75631e-13
5.7918 5.82092e-13
5.79915 4.35214e-13
5.8065 3.24167e-13
5.81385 2.40528e-13
5.8212 1.77775e-13
5.82855 1.30878e-13
5.8359 9.59671e-14
5.84325 7.00842e-14
5.8506 5.09724e-14
5.85795 3.69185e-14
5.8653 2.6627e-14
5.87265 1.91225e-14
5.88 1.36737e-14
5.88735 9.73474e-15
5.8947 6.89972e-15
5.90205 4.86835e-15
5.9094 3.4194e-15
5.91675 2.39061e-15
5.9241 1.66354e-15
5.93145 1.15211e-15
5.9388 7.94079e-16
5.94615 5.44647e-16
5.9535 3.71723e-16
5.96085 2.52435e-16
5.9682 1.70559e-16
5.97555 1.14648e-16
5.9829 7.66642e-17
5.99025 5.09948e-17
5.9976 3.37392e-17
6.00495 2.22018e-17
6.0123 1.45296e-17
6.01965 9.45587e-18
6.027 6.11924e-18
6.03435 3.9374e-18
6.0417 2.51886e-18
6.04905 1.60195e-18
6.0564 1.01276e-18
6.06375 6.36426e-19
6.0711 3.97497e-19
6.07845 2.46734e-19
6.0858 1.52195e-19
6.09315 9.32843e-20
6.1005 5.68092e-20
6.10785 3.4371e-20
6.1152 2.06581e-20
6.12255 1.23333e-20
6.1299 7.31332e-21
6.13725 4.30685e-21
6.1446 2.51869e-21
6.15195 1.46258e-21
6.1593 8.43238e-22
6.16665 4.82646e-22
6.174 2.74228e-22
6.18135 1.54652e-22
6.1887 8.65606e-23
6.19605 4.80793e-23
6.2034 2.64989e-23
6.21075 1.44905e-23
6.2181 7.86098e-24
6.22545 4.23024e-24
6.2328 2.25788e-24
6.24015 1.19519e-24
6.2475 6.2737e-25
6.25485 3.26523e-25
6.2622 1.68484e-25
6.26955 8.61801e-26
6.2769 4.36927e-26
6.28425 2.19539e-26
6.2916 1.09311e-26
6.29895 5.39283e-27
6.3063 2.6358e-27
6.31365 1.27614e-27
6.321 6.11952e-28
6.32835 2.90615e-28
6.3357 1.3666e-28
6.34305 6.36255e-29
6.3504 2.93245e-29
6.35775 1.33776e-29
6.3651 6.03976e-30
6.37245 2.6983e-30
6.3798 1.1927e-30
6.38715 5.21532e-31
6.3945 2.25567e-31
6.40185 9.64836e-32
6.4092 4.08084e-32
6.41655 1.70647e-32
6.4239 7.054e-33
6.43125 2.88199e-33
6.4386 1.1636e-33
6.44595 4.64192e-34
6.4533 1.8294e-34
6.46065 7.12135e-35
6.468 2.73773e-35
6.47535 1.03925e-35
6.4827 3.89473e-36
6.49005 1.44075e-36
6.4974 5.2599e-37
6.50475 1.89483e-37
6.5121 6.73421e-38
6.51945 2.36076e-38
6.5268 8.16175e-39
6.53415 2.78229e-39
6.5415 9.35038e-40
6.54885 3.09727e-40
6.5562 1.01104e-40
6.56355 3.25174e-41
6.5709 1.03022e-41
6.57825 3.21463e-42
6.5856 9.877e-43
6.59295 2.98762e-43
6.6003 8.89489e-44
6.60765 2.60604e-44
6.615 7.51193e-45
6.62235 2.1299e-45
6.6297 5.93895e-46
6.63705 1.62819e-46
6.6444 4.38781e-47
6.65175 1.16209e-47
6.6591 3.02398e-48
6.66645 7.72975e-49
6.6738 1.94042e-49
6.68115 4.78259e-50
6.6885 1.15708e-50
6.69585 2.74721e-51
6.7032 6.39936e-52
6.71055 1.46214e-52
6.7179 3.27593e-53
6.72525 7.19557e-54
6.7326 1.54904e-54
6.73995 3.26748e-55
6.7473 6.75145e-56
6.75465 1.36614e-56
6.762 2.70639e-57
6.76935 5.24756e-58
6.7767 9.95572e-59
6.78405 1.84761e-59
6.7914 3.35308e-60
6.79875 5.94901e-61
6.8061 1.03153e-61
6.81345 1.74752e-62
6.8208 2.89156e-63
6.82815 4.67172e-64
6.8355 7.36746e-65
6.84285 1.13374e-65
6.8502 1.70188e-66
6.85755 2.49123e-67
6.8649 3.5549e-68
6.87225 4.94334e-69
6.8796 6.69645e-70
6.88695 8.83385e-71
6.8943 1.13444e-71
6.90165 1.41771e-72
6.909 1.72349e-73
6.91635 2.03745e-74
6.9237 2.34132e-75
6.93105 2.61437e-76
6.9384 2.83556e-77
6.94575 2.98614e-78
6.9531 3.05219e-79
6.96045 3.02671e-80
6.9678 2.9108e-81
6.97515 2.71369e-82
6.9825 2.45153e-83
6.98985 2.14515e-84
6.9972 1.81736e-85
7.00455 1.49005e-86
7.0119 1.18181e-87
7.01925 9.06315e-89
7.0266 6.71495e-90
7.03395 4.77987e-91
7.0413 3.01948e-92
7.04865 0
7.056 0
7.06335 0
7.0707 0
7.07805 0
7.0854 0
7.09275 0
7.1001 0
7.10745 0
7.1148 0
7.12215 0
7.1295 0
7.13685 0
7.1442 0
7.15155 0
7.1589 0
7.16625 0
7.1736 0
7.18095 0
7.1883 0
7.19565 0
7.203 0
7.21035 0
7.2177 0
7.22505 0
7.2324 0
7.23975 0
7.2471 0
7.25445 0
7.2618 0
7.26915 0
7.2765 0
7.28385 0
7.2912 0
7.29855 0
7.3059 0
7.31325 0
7.3206 0
7.32795 0
7.3353 0
7.34265 0
