0 27.0031
0.00735 26.7753
0.0147 26.5493
0.02205 26.325
0.0294 26.1025
0.03675 25.8817
0.0441 25.6626
0.05145 25.4452
0.0588 25.2295
0.06615 25.0155
0.0735 24.8032
0.08085 24.5925
0.0882 24.3835
0.09555 24.1762
0.1029 23.9704
0.11025 23.7663
0.1176 23.5638
0.12495 23.3628
0.1323 23.1635
0.13965 22.9657
0.147 22.7695
0.15435 22.5748
0.1617 22.3817
0.16905 22.1901
0.1764 22
0.18375 21.8114
0.1911 21.6243
0.19845 21.4386
0.2058 21.2545
0.21315 21.0718
0.2205 20.8905
0.22785 20.7107
0.2352 20.5323
0.24255 20.3553
0.2499 20.1797
0.25725 20.0056
0.2646 19.8328
0.27195 19.6613
0.2793 19.4912
0.28665 19.3225
0.294 19.1551
0.30135 18.989
0.3087 18.8243
0.31605 18.6609
0.3234 18.4987
0.33075 18.3379
0.3381 18.1783
0.34545 18.02
0.3528 17.8629
0.36015 17.7071
0.3675 17.5525
0.37485 17.3991
0.3822 17.247
0.38955 17.096
0.3969 16.9463
0.40425 16.7977
0.4116 16.6504
0.41895 16.5042
0.4263 16.3591
0.43365 16.2152
0.441 16.0724
0.44835 15.9308
0.4557 15.7903
0.46305 15.6509
0.4704 15.5126
0.47775 15.3754
0.4851 15.2392
0.49245 15.1042
0.4998 14.9702
0.50715 14.8373
0.5145 14.7054
0.52185 14.5746
0.5292 14.4448
0.53655 14.316
0.5439 14.1882
0.55125 14.0615
0.5586 13.9357
0.56595 13.811
0.5733 13.6872
0.58065 13.5644
0.588 13.4426
0.59535 13.3217
0.6027 13.2018
0.61005 13.0829
0.6174 12.9648
0.62475 12.8477
0.6321 12.7315
0.63945 12.6163
0.6468 12.5019
0.65415 12.3885
0.6615 12.2759
0.66885 12.1643
0.6762 12.0535
0.68355 11.9436
0.6909 11.8345
0.69825 11.7263
0.7056 11.619
0.71295 11.5125
0.7203 11.4069
0.72765 11.3021
0.735 11.1981
0.74235 11.0949
0.7497 10.9926
0.75705 10.891
0.7644 10.7903
0.77175 10.6903
0.7791 10.5912
0.78645 10.4928
0.7938 10.3952
0.80115 10.2984
0.8085 10.2024
0.81585 10.1071
0.8232 10.0125
0.83055 9.91874
0.8379 9.8257
0.84525 9.73339
0.8526 9.64182
0.85995 9.55098
0.8673 9.46086
0.87465 9.37145
0.882 9.28276
0.88935 9.19478
0.8967 9.10749
0.90405 9.0209
0.9114 8.93501
0.91875 8.84979
0.9261 8.76527
0.93345 8.68141
0.9408 8.59823
0.94815 8.51572
0.9555 8.43386
0.96285 8.35267
0.9702 8.27213
0.97755 8.19223
0.9849 8.11298
0.99225 8.03437
0.9996 7.95639
1.00695 7.87904
1.0143 7.80232
1.02165 7.72622
1.029 7.65074
1.03635 7.57587
1.0437 7.5016
1.05105 7.42795
1.0584 7.35489
1.06575 7.28243
1.0731 7.21056
1.08045 7.13927
1.0878 7.06857
1.09515 6.99846
1.1025 6.92891
1.10985 6.85994
1.1172 6.79154
1.12455 6.7237
1.1319 6.65642
1.13925 6.5897
1.1466 6.52354
1.15395 6.45792
1.1613 6.39284
1.16865 6.32831
1.176 6.26432
1.18335 6.20086
1.1907 6.13793
1.19805 6.07553
1.2054 6.01365
1.21275 5.9523
1.2201 5.89146
1.22745 5.83113
1.2348 5.77132
1.24215 5.71201
1.2495 5.6532
1.25685 5.5949
1.2642 5.53709
1.27155 5.47978
1.2789 5.42295
1.28625 5.36661
1.2936 5.31076
1.30095 5.25538
1.3083 5.20048
1.31565 5.14606
1.323 5.09211
1.33035 5.03862
1.3377 4.9856
1.34505 4.93304
1.3524 4.88094
1.35975 4.82929
1.3671 4.77809
1.37445 4.72735
1.3818 4.67705
1.38915 4.62719
1.3965 4.57777
1.40385 4.52879
1.4112 4.48024
1.41855 4.43213
1.4259 4.38444
1.43325 4.33718
1.4406 4.29034
1.44795 4.24392
1.4553 4.19791
1.46265 4.15232
1.47 4.10714
1.47735 4.06236
1.4847 4.01799
1.49205 3.97403
1.4994 3.93046
1.50675 3.88729
1.5141 3.84451
1.52145 3.80213
1.5288 3.76013
1.53615 3.71851
1.5435 3.67728
1.55085 3.63643
1.5582 3.59596
1.56555 3.55586
1.5729 3.51613
1.58025 3.47677
1.5876 3.43778
1.59495 3.39915
1.6023 3.36088
1.60965 3.32297
1.617 3.28541
1.62435 3.24821
1.6317 3.21136
1.63905 3.17485
1.6464 3.13869
1.65375 3.10288
1.6611 3.0674
1.66845 3.03226
1.6758 2.99746
1.68315 2.96299
1.6905 2.92884
1.69785 2.89503
1.7052 2.86154
1.71255 2.82837
1.7199 2.79552
1.72725 2.76299
1.7346 2.73078
1.74195 2.69887
1.7493 2.66728
1.75665 2.63599
1.764 2.60501
1.77135 2.57433
1.7787 2.54396
1.78605 2.51388
1.7934 2.48409
1.80075 2.4546
1.8081 2.4254
1.81545 2.39649
1.8228 2.36787
1.83015 2.33953
1.8375 2.31147
1.84485 2.28369
1.8522 2.25619
1.85955 2.22896
1.8669 2.20201
1.87425 2.17532
1.8816 2.14891
1.88895 2.12276
1.8963 2.09688
1.90365 2.07126
1.911 2.04589
1.91835 2.02079
1.9257 1.99594
1.93305 1.97135
1.9404 1.947
1.94775 1.92291
1.9551 1.89906
1.96245 1.87546
1.9698 1.85211
1.97715 1.82899
1.9845 1.80612
1.99185 1.78348
1.9992 1.76108
2.00655 1.73891
2.0139 1.71697
2.02125 1.69526
2.0286 1.67378
2.03595 1.65253
2.0433 1.6315
2.05065 1.6107
2.058 1.59011
2.06535 1.56975
2.0727 1.5496
2.08005 1.52966
2.0874 1.50994
2.09475 1.49044
2.1021 1.47114
2.10945 1.45205
2.1168 1.43317
2.12415 1.41449
2.1315 1.39601
2.13885 1.37774
2.1462 1.35967
2.15355 1.34179
2.1609 1.32411
2.16825 1.30663
2.1756 1.28934
2.18295 1.27224
2.1903 1.25534
2.19765 1.23862
2.205 1.22209
2.21235 1.20574
2.2197 1.18958
2.22705 1.17361
2.2344 1.15781
2.24175 1.14219
2.2491 1.12675
2.25645 1.11149
2.2638 1.0964
2.27115 1.08149
2.2785 1.06675
2.28585 1.05218
2.2932 1.03778
2.30055 1.02355
2.3079 1.00948
2.31525 0.995584
2.3226 0.981848
2.32995 0.968275
2.3373 0.954862
2.34465 0.94161
2.352 0.928516
2.35935 0.915579
2.3667 0.902798
2.37405 0.890171
2.3814 0.877697
2.38875 0.865375
2.3961 0.853204
2.40345 0.841181
2.4108 0.829306
2.41815 0.817578
2.4255 0.805995
2.43285 0.794556
2.4402 0.783259
2.44755 0.772103
2.4549 0.761088
2.46225 0.750211
2.4696 0.739472
2.47695 0.728869
2.4843 0.7184
2.49165 0.708066
2.499 0.697864
2.50635 0.687793
2.5137 0.677852
2.52105 0.66804
2.5284 0.658355
2.53575 0.648796
2.5431 0.639362
2.55045 0.630052
2.5578 0.620865
2.56515 0.611798
2.5725 0.602852
2.57985 0.594025
2.5872 0.585315
2.59455 0.576722
2.6019 0.568244
2.60925 0.55988
2.6166 0.55163
2.62395 0.54349
2.6313 0.535461
2.63865 0.527542
2.646 0.519731
2.65335 0.512026
2.6607 0.504428
2.66805 0.496934
2.6754 0.489544
2.68275 0.482256
2.6901 0.475069
2.69745 0.467982
2.7048 0.460994
2.71215 0.454104
2.7195 0.44731
2.72685 0.440612
2.7342 0.434009
2.74155 0.427498
2.7489 0.42108
2.75625 0.414753
2.7636 0.408516
2.77095 0.402368
2.7783 0.396307
2.78565 0.390333
2.793 0.384445
2.80035 0.378642
2.8077 0.372921
2.81505 0.367284
2.8224 0.361728
2.82975 0.356252
2.8371 0.350855
2.84445 0.345537
2.8518 0.340296
2.85915 0.335131
2.8665 0.330042
2.87385 0.325027
2.8812 0.320085
2.88855 0.315215
2.8959 0.310417
2.90325 0.305689
2.9106 0.301031
2.91795 0.29644
2.9253 0.291918
2.93265 0.287462
2.94 0.283071
2.94735 0.278746
2.9547 0.274484
2.96205 0.270285
2.9694 0.266148
2.97675 0.262072
2.9841 0.258056
2.99145 0.2541
2.9988 0.250202
3.00615 0.246362
3.0135 0.242579
3.02085 0.238852
3.0282 0.23518
3.03555 0.231562
3.0429 0.227998
3.05025 0.224487
3.0576 0.221027
3.06495 0.217619
3.0723 0.214262
3.07965 0.210954
3.087 0.207695
3.09435 0.204484
3.1017 0.201321
3.10905 0.198205
3.1164 0.195135
3.12375 0.19211
3.1311 0.189129
3.13845 0.186193
3.1458 0.183301
3.15315 0.18045
3.1605 0.177642
3.16785 0.174876
3.1752 0.17215
3.18255 0.169464
3.1899 0.166818
3.19725 0.164211
3.2046 0.161642
3.21195 0.159111
3.2193 0.156617
3.22665 0.15416
3.234 0.151739
3.24135 0.149353
3.2487 0.147003
3.25605 0.144687
3.2634 0.142404
3.27075 0.140156
3.2781 0.13794
3.28545 0.135757
3.2928 0.133605
3.30015 0.131485
3.3075 0.129396
3.31485 0.127338
3.3222 0.125309
3.32955 0.123311
3.3369 0.121341
3.34425 0.1194
3.3516 0.117488
3.35895 0.115603
3.3663 0.113746
3.37365 0.111917
3.381 0.110113
3.38835 0.108337
3.3957 0.106586
3.40305 0.104861
3.4104 0.10316
3.41775 0.101485
3.4251 0.0998345
3.43245 0.098208
3.4398 0.0966052
3.44715 0.0950259
3.4545 0.0934698
3.46185 0.0919364
3.4692 0.0904256
3.47655 0.0889369
3.4839 0.08747
3.49125 0.0860248
3.4986 0.0846008
3.50595 0.0831977
3.5133 0.0818154
3.52065 0.0804534
3.528 0.0791115
3.53535 0.0777895
3.5427 0.0764871
3.55005 0.0752039
3.5574 0.0739398
3.56475 0.0726944
3.5721 0.0714676
3.57945 0.070259
3.5868 0.0690685
3.59415 0.0678957
3.6015 0.0667405
3.60885 0.0656026
3.6162 0.0644817
3.62355 0.0633777
3.6309 0.0622903
3.63825 0.0612193
3.6456 0.0601645
3.65295 0.0591256
3.6603 0.0581024
3.66765 0.0570948
3.675 0.0561025
3.68235 0.0551253
3.6897 0.054163
3.69705 0.0532154
3.7044 0.0522824
3.71175 0.0513636
3.7191 0.050459
3.72645 0.0495683
3.7338 0.0486914
3.74115 0.047828
3.7485 0.046978
3.75585 0.0461412
3.7632 0.0453174
3.77055 0.0445064
3.7779 0.0437081
3.78525 0.0429224
3.7926 0.0421489
3.79995 0.0413876
3.8073 0.0406383
3.81465 0.0399008
3.822 0.039175
3.82935 0.0384607
3.8367 0.0377577
3.84405 0.037066
3.8514 0.0363852
3.85875 0.0357154
3.8661 0.0350563
3.87345 0.0344078
3.8808 0.0337697
3.88815 0.0331419
3.8955 0.0325243
3.90285 0.0319167
3.9102 0.031319
3.91755 0.0307309
3.9249 0.0301525
3.93225 0.0295836
3.9396 0.029024
3.94695 0.0284735
3.9543 0.0279322
3.96165 0.0273997
3.969 0.0268761
3.97635 0.0263612
3.9837 0.0258548
3.99105 0.0253569
3.9984 0.0248673
4.00575 0.0243859
4.0131 0.0239125
4.02045 0.0234472
4.0278 0.0229896
4.03515 0.0225398
4.0425 0.0220977
4.04985 0.021663
4.0572 0.0212358
4.06455 0.0208158
4.0719 0.020403
4.07925 0.0199974
4.0866 0.0195987
4.09395 0.0192068
4.1013 0.0188218
4.10865 0.0184434
4.116 0.0180716
4.12335 0.0177062
4.1307 0.0173473
4.13805 0.0169946
4.1454 0.0166481
4.15275 0.0163077
4.1601 0.0159734
4.16745 0.0156449
4.1748 0.0153223
4.18215 0.0150054
4.1895 0.0146941
4.19685 0.0143884
4.2042 0.0140882
4.21155 0.0137934
4.2189 0.0135039
4.22625 0.0132197
4.2336 0.0129405
4.24095 0.0126665
4.2483 0.0123974
4.25565 0.0121333
4.263 0.011874
4.27035 0.0116195
4.2777 0.0113696
4.28505 0.0111244
4.2924 0.0108837
4.29975 0.0106475
4.3071 0.0104157
4.31445 0.0101882
4.3218 0.009965
4.32915 0.00974598
4.3365 0.00953108
4.34385 0.00932025
4.3512 0.00911341
4.35855 0.0089105
4.3659 0.00871147
4.37325 0.00851624
4.3806 0.00832475
4.38795 0.00813695
4.3953 0.00795278
4.40265 0.00777216
4.41 0.00759506
4.41735 0.0074214
4.4247 0.00725114
4.43205 0.00708421
4.4394 0.00692057
4.44675 0.00676015
4.4541 0.0066029
4.46145 0.00644878
4.4688 0.00629772
4.47615 0.00614968
4.4835 0.0060046
4.49085 0.00586244
4.4982 0.00572315
4.50555 0.00558668
4.5129 0.00545297
4.52025 0.00532199
4.5276 0.00519369
4.53495 0.00506801
4.5423 0.00494492
4.54965 0.00482437
4.557 0.00470632
4.56435 0.00459072
4.5717 0.00447754
4.57905 0.00436672
4.5864 0.00425823
4.59375 0.00415202
4.6011 0.00404806
4.60845 0.00394631
4.6158 0.00384673
4.62315 0.00374927
4.6305 0.00365391
4.63785 0.0035606
4.6452 0.00346931
4.65255 0.00337999
4.6599 0.00329263
4.66725 0.00320717
4.6746 0.00312358
4.68195 0.00304184
4.6893 0.00296191
4.69665 0.00288375
4.704 0.00280733
4.71135 0.00273262
4.7187 0.00265959
4.72605 0.0025882
4.7334 0.00251843
4.74075 0.00245025
4.7481 0.00238362
4.75545 0.00231852
4.7628 0.00225491
4.77015 0.00219278
4.7775 0.00213209
4.78485 0.00207281
4.7922 0.00201491
4.79955 0.00195838
4.8069 0.00190318
4.81425 0.00184929
4.8216 0.00179668
4.82895 0.00174533
4.8363 0.00169521
4.84365 0.0016463
4.851 0.00159857
4.85835 0.001552
4.8657 0.00150658
4.87305 0.00146226
4.8804 0.00141904
4.88775 0.00137689
4.8951 0.00133579
4.90245 0.00129572
4.9098 0.00125665
4.91715 0.00121857
4.9245 0.00118146
4.93185 0.00114529
4.9392 0.00111004
4.94655 0.00107571
4.9539 0.00104226
4.96125 0.00100968
4.9686 0.000977952
4.97595 0.000947056
4.9833 0.000916975
4.99065 0.000887691
4.998 0.000859188
5.00535 0.000831448
5.0127 0.000804456
5.02005 0.000778194
5.0274 0.000752646
5.03475 0.000727798
5.0421 0.000703633
5.04945 0.000680136
5.0568 0.000657292
5.06415 0.000635087
5.0715 0.000613507
5.07885 0.000592537
5.0862 0.000572162
5.09355 0.000552371
5.1009 0.000533149
5.10825 0.000514482
5.1156 0.000496359
5.12295 0.000478766
5.1303 0.000461691
5.13765 0.000445122
5.145 0.000429047
5.15235 0.000413454
5.1597 0.000398331
5.16705 0.000383667
5.1744 0.000369451
5.18175 0.000355672
5.1891 0.000342319
5.19645 0.000329382
5.2038 0.00031685
5.21115 0.000304714
5.2185 0.000292963
5.22585 0.000281588
5.2332 0.000270579
5.24055 0.000259926
5.2479 0.000249622
5.25525 0.000239655
5.2626 0.000230019
5.26995 0.000220703
5.2773 0.000211701
5.28465 0.000203002
5.292 0.0001946
5.29935 0.000186486
5.3067 0.000178652
5.31405 0.000171092
5.3214 0.000163796
5.32875 0.000156759
5.3361 0.000149972
5.34345 0.000143429
5.3508 0.000137122
5.35815 0.000131046
5.3655 0.000125193
5.37285 0.000119558
5.3802 0.000114132
5.38755 0.000108912
5.3949 0.00010389
5.40225 9.90601e-05
5.4096 9.44172e-05
5.41695 8.99553e-05
5.4243 8.5669e-05
5.43165 8.15526e-05
5.439 7.76011e-05
5.44635 7.38092e-05
5.4537 7.01718e-05
5.46105 6.6684e-05
5.4684 6.33409e-05
5.47575 6.01379e-05
5.4831 5.70703e-05
5.49045 5.41335e-05
5.4978 5.13234e-05
5.50515 4.86354e-05
5.5125 4.60655e-05
5.51985 4.36095e-05
5.5272 4.12635e-05
5.53455 3.90236e-05
5.5419 3.68859e-05
5.54925 3.48469e-05
5.5566 3.29028e-05
5.56395 3.10502e-05
5.5713 2.92857e-05
5.57865 2.7606e-05
5.586 2.60077e-05
5.59335 2.44878e-05
5.6007 2.30433e-05
5.60805 2.1671e-05
5.6154 2.03682e-05
5.62275 1.91319e-05
5.6301 1.79596e-05
5.63745 1.68485e-05
5.6448 1.57961e-05
5.65215 1.47998e-05
5.6595 1.38573e-05
5.66685 1.29661e-05
5.6742 1.21242e-05
5.68155 1.13291e-05
5.6889 1.05789e-05
5.69625 9.87142e-06
5.7036 9.20471e-06
5.71095 8.57685e-06
5.7183 7.98599e-06
5.72565 7.43034e-06
5.733 6.90817e-06
5.74035 6.41782e-06
5.7477 5.95769e-06
5.75505 5.52625e-06
5.7624 5.122e-06
5.76975 4.74353e-06
5.7771 4.38947e-06
5.78445 4.05851e-06
5.7918 3.74938e-06
5.79915 3.46088e-06
5.8065 3.19187e-06
5.81385 2.94122e-06
5.8212 2.70789e-06
5.82855 2.49086e-06
5.8359 2.28917e-06
5.84325 2.10191e-06
5.8506 1.92819e-06
5.85795 1.76718e-06
5.8653 1.6181e-06
5.87265 1.48017e-06
5.88 1.3527e-06
5.88735 1.235e-06
5.8947 1.12642e-06
5.90205 1.02636e-06
5.9094 9.34241e-07
5.91675 8.49516e-07
5.9241 7.71673e-07
5.93145 7.00225e-07
5.9388 6.34716e-07
5.94615 5.74716e-07
5.9535 5.1982e-07
5.96085 4.69649e-07
5.9682 4.23846e-07
5.97555 3.82077e-07
5.9829 3.4403e-07
5.99025 3.09414e-07
5.9976 2.77954e-07
6.00495 2.49396e-07
6.0123 2.23504e-07
6.01965 2.00057e-07
6.027 1.78849e-07
6.03435 1.5969e-07
6.0417 1.42404e-07
6.04905 1.26827e-07
6.0564 1.12809e-07
6.06375 1.00209e-07
6.0711 8.88984e-08
6.07845 7.87592e-08
6.0858 6.9682e-08
6.09315 6.15666e-08
6.1005 5.43209e-08
6.10785 4.78608e-08
6.1152 4.21091e-08
6.12255 3.69955e-08
6.1299 3.24556e-08
6.13725 2.8431e-08
6.1446 2.48684e-08
6.15195 2.17194e-08
6.1593 1.89403e-08
6.16665 1.64914e-08
6.174 1.43367e-08
6.18135 1.24438e-08
6.1887 1.07836e-08
6.19605 9.32984e-09
6.2034 8.05884e-09
6.21075 6.94947e-09
6.2181 5.98278e-09
6.22545 5.14184e-09
6.2328 4.41153e-09
6.24015 3.77837e-09
6.2475 3.23042e-09
6.25485 2.75702e-09
6.2622 2.34877e-09
6.26955 1.99733e-09
6.2769 1.69536e-09
6.28425 1.43636e-09
6.2916 1.21463e-09
6.29895 1.02518e-09
6.3063 8.63605e-10
6.31365 7.26077e-10
6.321 6.09245e-10
6.32835 5.10191e-10
6.3357 4.26378e-10
6.34305 3.55605e-10
6.3504 2.95965e-10
6.35775 2.45812e-10
6.3651 2.03726e-10
6.37245 1.68483e-10
6.3798 1.39034e-10
6.38715 1.14481e-10
6.3945 9.4055e-11
6.40185 7.70996e-11
6.4092 6.3057e-11
6.41655 5.14535e-11
6.4239 4.18875e-11
6.43125 3.40196e-11
6.4386 2.75638e-11
6.44595 2.22792e-11
6.4533 1.79638e-11
6.46065 1.44486e-11
6.468 1.15922e-11
6.47535 9.27698e-12
6.4827 7.40518e-12
6.49005 5.89576e-12
6.4974 4.68172e-12
6.50475 3.70783e-12
6.5121 2.92865e-12
6.51945 2.30694e-12
6.5268 1.81223e-12
6.53415 1.41965e-12
6.5415 1.10899e-12
6.54885 8.63848e-13
6.5562 6.7096e-13
6.56355 5.19626e-13
6.5709 4.0124e-13
6.57825 3.08903e-13
6.5856 2.37098e-13
6.59295 1.8143e-13
6.6003 1.38403e-13
6.60765 1.05251e-13
6.615 7.97869e-14
6.62235 6.02901e-14
6.6297 4.54103e-14
6.63705 3.40909e-14
6.6444 2.55084e-14
6.65175 1.90226e-14
6.6591 1.41378e-14
6.66645 1.04713e-14
6.6738 7.72878e-15
6.68115 5.68452e-15
6.6885 4.1661e-15
6.69585 3.04231e-15
6.7032 2.21357e-15
6.71055 1.60466e-15
6.7179 1.15891e-15
6.72525 8.33834e-16
6.7326 5.97655e-16
6.73995 4.2672e-16
6.7473 3.03485e-16
6.75465 2.14987e-16
6.762 1.51688e-16
6.76935 1.06593e-16
6.7767 7.45978e-17
6.78405 5.19904e-17
6.7914 3.60826e-17
6.79875 2.49361e-17
6.8061 1.71591e-17
6.81345 1.17563e-17
6.8208 8.01934e-18
6.82815 5.44595e-18
6.8355 3.68174e-18
6.84285 2.47773e-18
6.8502 1.65979e-18
6.85755 1.10669e-18
6.8649 7.34426e-19
6.87225 4.85062e-19
6.8796 3.18822e-19
6.88695 2.08534e-19
6.8943 1.35724e-19
6.90165 8.78945e-20
6.909 5.66328e-20
6.91635 3.63036e-20
6.9237 2.31515e-20
6.93105 1.46869e-20
6.9384 9.26778e-21
6.94575 5.81687e-21
6.9531 3.63114e-21
6.96045 2.25428e-21
6.9678 1.39174e-21
6.97515 8.54401e-22
6.9825 5.21546e-22
6.98985 3.16534e-22
6.9972 1.90993e-22
7.00455 1.14564e-22
7.0119 6.8311e-23
7.01925 4.04863e-23
7.0266 2.38491e-23
7.03395 1.39621e-23
7.0413 8.12287e-24
7.04865 4.69592e-24
7.056 2.69743e-24
7.06335 1.53945e-24
7.0707 8.72832e-25
7.07805 4.91604e-25
7.0854 2.75033e-25
7.09275 1.52828e-25
7.1001 8.43407e-26
7.10745 4.62223e-26
7.1148 2.51541e-26
7.12215 1.35917e-26
7.1295 7.29143e-27
7.13685 3.88315e-27
7.1442 2.05283e-27
7.15155 1.07717e-27
7.1589 5.60961e-28
7.16625 2.89911e-28
7.1736 1.48676e-28
7.18095 7.56518e-29
7.1883 3.81911e-29
7.19565 1.91261e-29
7.203 9.50112e-30
7.21035 4.68126e-30
7.2177 2.28744e-30
7.22505 1.10839e-30
7.2324 5.32533e-31
7.23975 2.53671e-31
7.2471 1.1979e-31
7.25445 5.60727e-32
7.2618 2.60146e-32
7.26915 1.19612e-32
7.2765 5.44972e-33
7.28385 2.46021e-33
7.2912 1.10032e-33
7.29855 4.87495e-34
7.3059 2.13931e-34
7.31325 9.29787e-35
7.3206 4.00173e-35
7.32795 1.70537e-35
7.3353 7.19521e-36
7.34265 3.00519e-36
