0 27.00311719
0.00735 26.75451989
0.0147 26.50802714
0.02205 26.26362398
0.0294 26.02129543
0.03675 25.78102647
0.0441 25.54280212
0.05145 25.30660734
0.0588 25.07242711
0.06615 24.84024641
0.0735 24.61005023
0.08085 24.38182353
0.0882 24.15555132
0.09555 23.93121861
0.1029 23.7088104
0.11025 23.48831175
0.1176 23.26970771
0.12495 23.05298337
0.1323 22.83812385
0.13965 22.6251143
0.147 22.41393989
0.15435 22.20458585
0.1617 21.99703744
0.16905 21.79127996
0.1764 21.58729877
0.18375 21.38507926
0.1911 21.1846069
0.19845 20.98586718
0.2058 20.78884568
0.21315 20.59352802
0.2205 20.39989989
0.22785 20.20794705
0.2352 20.01765531
0.24255 19.82901056
0.2499 19.64199878
0.25725 19.45660601
0.2646 19.27281834
0.27195 19.09062199
0.2793 18.91000323
0.28665 18.73094841
0.294 18.55344397
0.30135 18.37747644
0.3087 18.20303244
0.31605 18.03009867
0.3234 17.85866194
0.33075 17.68870912
0.3381 17.5202272
0.34545 17.35320326
0.3528 17.18762447
0.36015 17.0234781
0.3675 16.86075153
0.37485 16.69943223
0.3822 16.53950776
0.38955 16.3809658
0.3969 16.22379412
0.40425 16.0679806
0.4116 15.91351322
0.41895 15.76038008
0.4263 15.60856935
0.43365 15.45806933
0.441 15.30886843
0.44835 15.16095515
0.4557 15.01431811
0.46305 14.86894602
0.4704 14.72482772
0.47775 14.58195213
0.4851 14.4403083
0.49245 14.29988537
0.4998 14.16067259
0.50715 14.02265933
0.5145 13.88583504
0.52185 13.7501893
0.5292 13.61571179
0.53655 13.48239228
0.5439 13.35022067
0.55125 13.21918694
0.5586 13.08928118
0.56595 12.96049361
0.5733 12.83281451
0.58065 12.70623429
0.588 12.58074345
0.59535 12.45633261
0.6027 12.33299246
0.61005 12.21071382
0.6174 12.08948758
0.62475 11.96930474
0.6321 11.85015642
0.63945 11.73203381
0.6468 11.61492819
0.65415 11.49883095
0.6615 11.38373359
0.66885 11.26962766
0.6762 11.15650485
0.68355 11.04435689
0.6909 10.93317566
0.69825 10.82295308
0.7056 10.71368118
0.71295 10.60535208
0.7203 10.49795798
0.72765 10.39149116
0.735 10.285944
0.74235 10.18130896
0.7497 10.07757858
0.75705 9.974745476
0.7644 9.872802355
0.77175 9.771742
0.7791 9.671557274
0.78645 9.572241117
0.7938 9.47378655
0.80115 9.376186665
0.8085 9.279434633
0.81585 9.183523699
0.8232 9.088447181
0.83055 8.994198468
0.8379 8.900771022
0.84525 8.808158376
0.8526 8.716354131
0.85995 8.625351958
0.8673 8.535145594
0.87465 8.445728844
0.882 8.357095578
0.88935 8.26923973
0.8967 8.182155299
0.90405 8.095836346
0.9114 8.010276993
0.91875 7.925471425
0.9261 7.841413883
0.93345 7.758098672
0.9408 7.67552015
0.94815 7.593672735
0.9555 7.5125509
0.96285 7.432149173
0.9702 7.352462135
0.97755 7.273484421
0.9849 7.19521072
0.99225 7.117635769
0.9996 7.040754357
1.00695 6.964561322
1.0143 6.889051551
1.02165 6.814219977
1.029 6.740061581
1.03635 6.666571389
1.0437 6.593744471
1.05105 6.521575944
1.0584 6.450060963
1.06575 6.379194729
1.0731 6.308972482
1.08045 6.239389503
1.0878 6.170441114
1.09515 6.102122672
1.1025 6.034429575
1.10985 5.967357256
1.1172 5.900901186
1.12455 5.835056868
1.1319 5.769819843
1.13925 5.705185684
1.1466 5.641149997
1.15395 5.577708419
1.1613 5.514856621
1.16865 5.452590303
1.176 5.390905195
1.18335 5.329797056
1.1907 5.269261674
1.19805 5.209294866
1.2054 5.149892473
1.21275 5.091050367
1.2201 5.032764442
1.22745 4.97503062
1.2348 4.917844846
1.24215 4.86120309
1.2495 4.805101346
1.25685 4.749535631
1.2642 4.694501983
1.27155 4.639996464
1.2789 4.586015157
1.28625 4.532554166
1.2936 4.479609616
1.30095 4.427177652
1.3083 4.375254439
1.31565 4.323836162
1.323 4.272919024
1.33035 4.222499247
1.3377 4.172573074
1.34505 4.123136762
1.3524 4.074186589
1.35975 4.025718849
1.3671 3.977729855
1.37445 3.930215936
1.3818 3.883173437
1.38915 3.836598721
1.3965 3.790488169
1.40385 3.744838175
1.4112 3.699645152
1.41855 3.654905529
1.4259 3.610615749
1.43325 3.566772274
1.4406 3.523371579
1.44795 3.480410156
1.4553 3.437884514
1.46265 3.395791178
1.47 3.354126685
1.47735 3.312887593
1.4847 3.272070473
1.49205 3.231671911
1.4994 3.191688512
1.50675 3.152116896
1.5141 3.112953697
1.52145 3.074195567
1.5288 3.035839176
1.53615 2.997881207
1.5435 2.960318361
1.55085 2.923147358
1.5582 2.886364931
1.56555 2.849967832
1.5729 2.81395283
1.58025 2.778316713
1.5876 2.743056282
1.59495 2.708168361
1.6023 2.673649789
1.60965 2.639497422
1.617 2.605708136
1.62435 2.572278827
1.6317 2.539206406
1.63905 2.506487804
1.6464 2.474119974
1.65375 2.442099883
1.6611 2.410424522
1.66845 2.379090899
1.6758 2.348096043
1.68315 2.317437001
1.6905 2.287110844
1.69785 2.257114658
1.7052 2.227445554
1.71255 2.198100662
1.7199 2.169077132
1.72725 2.140372136
1.7346 2.111982866
1.74195 2.083906537
1.7493 2.056140383
1.75665 2.028681661
1.764 2.00152765
1.77135 1.974675647
1.7787 1.948122976
1.78605 1.921866979
1.7934 1.895905021
1.80075 1.870234487
1.8081 1.844852788
1.81545 1.819757353
1.8228 1.794945634
1.83015 1.770415105
1.8375 1.746163262
1.84485 1.722187623
1.8522 1.698485726
1.85955 1.675055133
1.8669 1.651893426
1.87425 1.628998208
1.8816 1.606367104
1.88895 1.583997762
1.8963 1.561887847
1.90365 1.540035048
1.911 1.518437075
1.91835 1.497091655
1.9257 1.475996539
1.93305 1.455149496
1.9404 1.434548316
1.94775 1.414190807
1.9551 1.394074799
1.96245 1.374198139
1.9698 1.354558692
1.97715 1.335154345
1.9845 1.315982999
1.99185 1.297042577
1.9992 1.278331016
2.00655 1.259846273
2.0139 1.241586321
2.02125 1.223549148
2.0286 1.205732762
2.03595 1.188135184
2.0433 1.17075445
2.05065 1.153588615
2.058 1.136635746
2.06535 1.119893924
2.0727 1.103361247
2.08005 1.087035824
2.0874 1.070915779
2.09475 1.054999248
2.1021 1.039284382
2.10945 1.023769342
2.1168 1.008452301
2.12415 0.9933314471
2.1315 0.9784049753
2.13885 0.9636710943
2.1462 0.9491280228
2.15355 0.9347739897
2.1609 0.9206072341
2.16825 0.906626005
2.1756 0.8928285605
2.18295 0.879213168
2.1903 0.8657781037
2.19765 0.8525216524
2.205 0.8394421071
2.21235 0.8265377689
2.2197 0.8138069467
2.22705 0.8012479571
2.2344 0.7888591236
2.24175 0.7766387774
2.2491 0.7645852562
2.25645 0.7526969046
2.2638 0.7409720737
2.27115 0.7294091211
2.2785 0.7180064106
2.28585 0.7067623121
2.2932 0.6956752014
2.30055 0.6847434605
2.3079 0.6739654769
2.31525 0.6633396437
2.3226 0.6528643601
2.32995 0.6425380304
2.3373 0.6323590646
2.34465 0.6223258782
2.352 0.6124368921
2.35935 0.6026905329
2.3667 0.5930852323
2.37405 0.5836194276
2.3814 0.5742915617
2.38875 0.565100083
2.3961 0.5560434453
2.40345 0.5471201083
2.4108 0.5383285373
2.41815 0.5296672032
2.4255 0.521134583
2.43285 0.5127291595
2.4402 0.5044494217
2.44755 0.4962938647
2.4549 0.4882609899
2.46225 0.480349305
2.4696 0.4725573244
2.47695 0.4648835691
2.4843 0.4573265671
2.49165 0.4498848532
2.499 0.4425569694
2.50635 0.435341465
2.5137 0.4282368967
2.52105 0.4212418291
2.5284 0.4143548343
2.53575 0.4075744925
2.5431 0.4008993921
2.55045 0.3943281297
2.5578 0.3878593108
2.56515 0.3814915491
2.5725 0.3752234676
2.57985 0.3690536981
2.5872 0.3629808818
2.59455 0.3570036694
2.6019 0.351120721
2.60925 0.3453307068
2.6166 0.3396323068
2.62395 0.3340242112
2.6313 0.3285051206
2.63865 0.3230737461
2.646 0.3177288096
2.65335 0.3124690435
2.6607 0.3072931918
2.66805 0.3022000092
2.6754 0.2971882621
2.68275 0.2922567282
2.6901 0.2874041969
2.69745 0.2826294695
2.7048 0.2779313593
2.71215 0.2733086914
2.7195 0.2687603035
2.72685 0.2642850454
2.7342 0.2598817794
2.74155 0.2555493804
2.7489 0.2512867362
2.75625 0.247092747
2.7636 0.2429663263
2.77095 0.2389064003
2.7783 0.2349119084
2.78565 0.2309818031
2.793 0.2271150501
2.80035 0.2233106286
2.8077 0.2195675308
2.81505 0.2158847624
2.8224 0.2122613428
2.82975 0.2086963044
2.8371 0.2051886935
2.84445 0.2017375698
2.8518 0.1983420063
2.85915 0.1950010898
2.8665 0.1917139205
2.87385 0.1884796122
2.8812 0.1852972922
2.88855 0.1821661012
2.8959 0.1790851933
2.90325 0.1760537361
2.9106 0.1730709107
2.91795 0.1701359111
2.9253 0.1672479449
2.93265 0.1644062326
2.94 0.1616100081
2.94735 0.1588585181
2.9547 0.1561510221
2.96205 0.1534867927
2.9694 0.1508651149
2.97675 0.1482852866
2.9841 0.145746618
2.99145 0.1432484317
2.9988 0.1407900624
3.00615 0.1383708572
3.0135 0.1359901747
3.02085 0.1336473858
3.0282 0.1313418726
3.03555 0.129073029
3.0429 0.1268402601
3.05025 0.1246429821
3.0576 0.1224806224
3.06495 0.1203526189
3.0723 0.1182584205
3.07965 0.1161974864
3.087 0.1141692859
3.09435 0.1121732987
3.1017 0.1102090143
3.10905 0.1082759319
3.1164 0.1063735601
3.12375 0.1045014172
3.1311 0.1026590301
3.13845 0.1008459353
3.1458 0.09906167746
3.15315 0.0973058102
3.1605 0.09557789536
3.16785 0.09387750299
3.1752 0.09220421113
3.18255 0.09055760563
3.1899 0.08893727995
3.19725 0.08734283498
3.2046 0.08577387886
3.21195 0.0842300268
3.2193 0.08271090088
3.22665 0.08121612992
3.234 0.07974534924
3.24135 0.07829820057
3.2487 0.07687433181
3.25605 0.07547339693
3.2634 0.07409505575
3.27075 0.07273897383
3.2781 0.07140482232
3.28545 0.07009227778
3.2928 0.06880102205
3.30015 0.06753074213
3.3075 0.06628113003
3.31485 0.06505188262
3.3222 0.06384270155
3.32955 0.06265329308
3.3369 0.06148336799
3.34425 0.06033264147
3.3516 0.05920083299
3.35895 0.05808766619
3.3663 0.05699286882
3.37365 0.0559161726
3.381 0.05485731314
3.38835 0.05381602985
3.3957 0.05279206586
3.40305 0.05178516794
3.4104 0.05079508639
3.41775 0.04982157502
3.4251 0.04886439103
3.43245 0.04792329495
3.4398 0.04699805059
3.44715 0.04608842496
3.4545 0.04519418823
3.46185 0.04431511366
3.4692 0.04345097752
3.47655 0.04260155909
3.4839 0.04176664057
3.49125 0.04094600704
3.4986 0.04013944641
3.50595 0.03934674941
3.5133 0.03856770948
3.52065 0.0378021228
3.528 0.03704978821
3.53535 0.03631050717
3.5427 0.03558408375
3.55005 0.03487032457
3.5574 0.03416903877
3.56475 0.03348003799
3.5721 0.03280313633
3.57945 0.03213815032
3.5868 0.03148489888
3.59415 0.03084320331
3.6015 0.03021288724
3.60885 0.02959377661
3.6162 0.02898569967
3.62355 0.02838848688
3.6309 0.02780197098
3.63825 0.02722598689
3.6456 0.02666037171
3.65295 0.0261049647
3.6603 0.02555960725
3.66765 0.02502414286
3.675 0.02449841709
3.68235 0.02398227759
3.6897 0.02347557401
3.69705 0.02297815805
3.7044 0.02248988336
3.71175 0.02201060558
3.7191 0.02154018228
3.72645 0.02107847297
3.7338 0.02062533903
3.74115 0.02018064375
3.7485 0.01974425225
3.75585 0.01931603149
3.7632 0.01889585025
3.77055 0.0184835791
3.7779 0.01807909038
3.78525 0.01768225819
3.7926 0.01729295834
3.79995 0.01691106837
3.8073 0.01653646751
3.81465 0.01616903664
3.822 0.01580865833
3.82935 0.01545521674
3.8367 0.01510859767
3.84405 0.01476868851
3.8514 0.01443537822
3.85875 0.01410855731
3.8661 0.01378811786
3.87345 0.01347395343
3.8808 0.01316595912
3.88815 0.01286403147
3.8955 0.01256806854
3.90285 0.01227796981
3.9102 0.01199363618
3.91755 0.01171497
3.9249 0.01144187499
3.93225 0.01117425628
3.9396 0.01091202033
3.94695 0.01065507498
3.9543 0.0104033294
3.96165 0.01015669405
3.969 0.009915080734
3.97635 0.009678402507
3.9837 0.009446573709
3.99105 0.009219509936
3.9984 0.008997128021
4.00575 0.008779346022
4.0131 0.008566083208
4.02045 0.008357260043
4.0278 0.008152798172
4.03515 0.007952620406
4.0425 0.007756650706
4.04985 0.007564814174
4.0572 0.007377037034
4.06455 0.007193246619
4.0719 0.007013371358
4.07925 0.006837340763
4.0866 0.006665085414
4.09395 0.006496536946
4.1013 0.006331628036
4.10865 0.006170292388
4.116 0.006012464724
4.12335 0.005858080766
4.1307 0.005707077226
4.13805 0.005559391794
4.1454 0.005414963123
4.15275 0.005273730818
4.1601 0.005135635422
4.16745 0.005000618407
4.1748 0.004868622159
4.18215 0.004739589965
4.1895 0.004613466005
4.19685 0.004490195336
4.2042 0.004369723884
4.21155 0.004251998428
4.2189 0.004136966594
4.22625 0.004024576838
4.2336 0.003914778441
4.24095 0.00380752149
4.2483 0.003702756874
4.25565 0.003600436271
4.263 0.003500512135
4.27035 0.003402937688
4.2777 0.003307666908
4.28505 0.003214654519
4.2924 0.003123855983
4.29975 0.003035227485
4.3071 0.002948725926
4.31445 0.002864308915
4.3218 0.002781934754
4.32915 0.002701562433
4.3365 0.002623151619
4.34385 0.002546662645
4.3512 0.002472056503
4.35855 0.002399294834
4.3659 0.002328339917
4.37325 0.002259154663
4.3806 0.002191702606
4.38795 0.00212594789
4.3953 0.002061855268
4.40265 0.001999390085
4.41 0.001938518275
4.41735 0.001879206352
4.4247 0.001821421402
4.43205 0.001765131072
4.4394 0.001710303565
4.44675 0.001656907633
4.4541 0.001604912567
4.46145 0.001554288187
4.4688 0.001505004843
4.47615 0.001457033398
4.4835 0.001410345225
4.49085 0.001364912202
4.4982 0.001320706701
4.50555 0.001277701582
4.5129 0.001235870186
4.52025 0.00119518633
4.5276 0.001155624299
4.53495 0.001117158838
4.5423 0.001079765145
4.54965 0.001043418871
4.557 0.001008096103
4.56435 0.0009737733667
4.5717 0.000940427616
4.57905 0.0009080362273
4.5864 0.0008765769938
4.59375 0.0008460281194
4.6011 0.0008163682128
4.60845 0.0007875762813
4.6158 0.0007596317253
4.62315 0.0007325143322
4.6305 0.0007062042714
4.63785 0.0006806820878
4.6452 0.0006559286967
4.65255 0.0006319253785
4.6599 0.000608653773
4.66725 0.0005860958738
4.6746 0.0005642340237
4.68195 0.0005430509087
4.6893 0.0005225295533
4.69665 0.0005026533153
4.704 0.0004834058805
4.71135 0.0004647712579
4.7187 0.0004467337748
4.72605 0.0004292780716
4.7334 0.0004123890971
4.74075 0.000396052104
4.7481 0.0003802526437
4.75545 0.0003649765616
4.7628 0.000350209993
4.77015 0.0003359393578
4.7775 0.0003221513567
4.78485 0.0003088329659
4.7922 0.0002959714334
4.79955 0.000283554274
4.8069 0.0002715692654
4.81425 0.0002600044436
4.8216 0.000248848099
4.82895 0.0002380887717
4.8363 0.0002277152477
4.84365 0.000217716555
4.851 0.0002080819588
4.85835 0.0001988009584
4.8657 0.0001898632826
4.87305 0.0001812588859
4.8804 0.0001729779449
4.88775 0.0001650108544
4.8951 0.0001573482235
4.90245 0.0001499808721
4.9098 0.0001428998268
4.91715 0.0001360963182
4.9245 0.0001295617764
4.93185 0.000123287828
4.9392 0.0001172662928
4.94655 0.0001114891799
4.9539 0.0001059486849
4.96125 0.0001006371865
4.9686 9.5547243e-05
