0 41.17557511
0.00735 40.77997376
0.0147 40.38771978
0.02205 39.99879295
0.0294 39.61317305
0.03675 39.23083981
0.0441 38.85177295
0.05145 38.47595218
0.0588 38.10335719
0.06615 37.73396766
0.0735 37.36776325
0.08085 37.00472362
0.0882 36.64482844
0.09555 36.28805734
0.1029 35.93438996
0.11025 35.58380597
0.1176 35.23628499
0.12495 34.89180669
0.1323 34.55035072
0.13965 34.21189674
0.147 33.87642442
0.15435 33.54391346
0.1617 33.21434355
0.16905 32.88769442
0.1764 32.56394579
0.18375 32.24307742
0.1911 31.9250691
0.19845 31.60990061
0.2058 31.2975518
0.21315 30.98800253
0.2205 30.68123267
0.22785 30.37722216
0.2352 30.07595095
0.24255 29.77739903
0.2499 29.48154644
0.25725 29.18837326
0.2646 28.89785959
0.27195 28.6099856
0.2793 28.32473151
0.28665 28.04207755
0.294 27.76200405
0.30135 27.48449137
0.3087 27.2095199
0.31605 26.93707014
0.3234 26.6671226
0.33075 26.39965787
0.3381 26.1346566
0.34545 25.8720995
0.3528 25.61196735
0.36015 25.35424099
0.3675 25.09890133
0.37485 24.84592936
0.3822 24.59530612
0.38955 24.34701274
0.3969 24.10103042
0.40425 23.85734043
0.4116 23.61592413
0.41895 23.37676294
0.4263 23.13983837
0.43365 22.90513203
0.441 22.67262557
0.44835 22.44230077
0.4557 22.21413946
0.46305 21.98812358
0.4704 21.76423514
0.47775 21.54245624
0.4851 21.3227691
0.49245 21.10515599
0.4998 20.88959929
0.50715 20.67608147
0.5145 20.46458511
0.52185 20.25509286
0.5292 20.04758749
0.53655 19.84205184
0.5439 19.63846887
0.55125 19.43682163
0.5586 19.23709327
0.56595 19.03926704
0.5733 18.84332628
0.58065 18.64925446
0.588 18.45703513
0.59535 18.26665194
0.6027 18.07808865
0.61005 17.89132913
0.6174 17.70635734
0.62475 17.52315736
0.6321 17.34171336
0.63945 17.16200964
0.6468 16.98403057
0.65415 16.80776066
0.6615 16.63318451
0.66885 16.46028683
0.6762 16.28905244
0.68355 16.11946627
0.6909 15.95151334
0.69825 15.7851788
0.7056 15.62044791
0.71295 15.45730601
0.7203 15.29573859
0.72765 15.1357312
0.735 14.97726955
0.74235 14.82033941
0.7497 14.66492671
0.75705 14.51101744
0.7644 14.35859773
0.77175 14.20765381
0.7791 14.05817201
0.78645 13.91013879
0.7938 13.7635407
0.80115 13.61836441
0.8085 13.47459668
0.81585 13.3322244
0.8232 13.19123457
0.83055 13.05161426
0.8379 12.9133507
0.84525 12.77643119
0.8526 12.64084316
0.85995 12.50657412
0.8673 12.37361171
0.87465 12.24194368
0.882 12.11155786
0.88935 11.98244221
0.8967 11.85458479
0.90405 11.72797375
0.9114 11.60259736
0.91875 11.478444
0.9261 11.35550213
0.93345 11.23376034
0.9408 11.1132073
0.94815 10.9938318
0.9555 10.87562273
0.96285 10.75856906
0.9702 10.6426599
0.97755 10.52788442
0.9849 10.41423192
0.99225 10.30169179
0.9996 10.19025351
1.00695 10.07990667
1.0143 9.970640961
1.02165 9.862446161
1.029 9.755312151
1.03635 9.649228907
1.0437 9.544186502
1.05105 9.440175104
1.0584 9.337184977
1.06575 9.235206478
1.0731 9.134230058
1.08045 9.034246261
1.0878 8.935245725
1.09515 8.837219178
1.1025 8.740157441
1.10985 8.644051425
1.1172 8.548892131
1.12455 8.454670651
1.1319 8.361378165
1.13925 8.269005941
1.1466 8.177545335
1.15395 8.08698779
1.1613 7.997324836
1.16865 7.908548089
1.176 7.820649248
1.18335 7.7336201
1.1907 7.647452514
1.19805 7.562138442
1.2054 7.47766992
1.21275 7.394039063
1.2201 7.311238072
1.22745 7.229259224
1.2348 7.148094879
1.24215 7.067737475
1.2495 6.988179529
1.25685 6.909413636
1.2642 6.831432469
1.27155 6.754228776
1.2789 6.677795382
1.28625 6.602125188
1.2936 6.527211168
1.30095 6.45304637
1.3083 6.379623918
1.31565 6.306937004
1.323 6.234978895
1.33035 6.163742929
1.3377 6.093222512
1.34505 6.023411123
1.3524 5.954302307
1.35975 5.885889679
1.3671 5.818166921
1.37445 5.751127782
1.3818 5.684766076
1.38915 5.619075684
1.3965 5.554050551
1.40385 5.489684685
1.4112 5.425972159
1.41855 5.362907106
1.4259 5.300483722
1.43325 5.238696265
1.4406 5.17753905
1.44795 5.117006454
1.4553 5.057092912
1.46265 4.997792916
1.47 4.939101016
1.47735 4.881011819
1.4847 4.823519985
1.49205 4.766620231
1.4994 4.710307327
1.50675 4.654576097
1.5141 4.599421416
1.52145 4.544838213
1.5288 4.490821464
1.53615 4.4373662
1.5435 4.384467497
1.55085 4.332120482
1.5582 4.280320329
1.56555 4.229062259
1.5729 4.178341538
1.58025 4.128153481
1.5876 4.078493443
1.59495 4.029356826
1.6023 3.980739073
1.60965 3.932635672
1.617 3.88504215
1.62435 3.837954075
1.6317 3.791367057
1.63905 3.745276744
1.6464 3.699678822
1.65375 3.654569015
1.6611 3.609943085
1.66845 3.56579683
1.6758 3.522126082
1.68315 3.478926711
1.6905 3.436194618
1.69785 3.393925739
1.7052 3.352116043
1.71255 3.310761532
1.7199 3.269858236
1.72725 3.22940222
1.7346 3.189389576
1.74195 3.149816428
1.7493 3.110678927
1.75665 3.071973253
1.764 3.033695614
1.77135 2.995842244
1.7787 2.958409405
1.78605 2.921393384
1.7934 2.884790495
1.80075 2.848597074
1.8081 2.812809483
1.81545 2.777424109
1.8228 2.742437361
1.83015 2.707845671
1.8375 2.673645493
1.84485 2.639833305
1.8522 2.606405604
1.85955 2.57335891
1.8669 2.540689763
1.87425 2.508394724
1.8816 2.476470374
1.88895 2.444913313
1.8963 2.41372016
1.90365 2.382887555
1.911 2.352412154
1.91835 2.322290635
1.9257 2.292519691
1.93305 2.263096034
1.9404 2.234016394
1.94775 2.205277519
1.9551 2.176876173
1.96245 2.148809138
1.9698 2.121073212
1.97715 2.093665212
1.9845 2.06658197
1.99185 2.039820333
1.9992 2.013377167
2.00655 1.987249354
2.0139 1.96143379
2.02125 1.93592739
2.0286 1.910727083
2.03595 1.885829814
2.0433 1.861232547
2.05065 1.836932258
2.058 1.812925941
2.06535 1.789210605
2.0727 1.765783277
2.08005 1.742640998
2.0874 1.719780825
2.09475 1.697199833
2.1021 1.67489511
2.10945 1.652863764
2.1168 1.631102916
2.12415 1.609609705
2.1315 1.588381286
2.13885 1.567414831
2.1462 1.546707528
2.15355 1.526256581
2.1609 1.506059213
2.16825 1.486112662
2.1756 1.466414184
2.18295 1.446961052
2.1903 1.427750556
2.19765 1.408780004
2.205 1.390046722
2.21235 1.371548052
2.2197 1.353281356
2.22705 1.335244013
2.2344 1.31743342
2.24175 1.299846993
2.2491 1.282482165
2.25645 1.26533639
2.2638 1.24840714
2.27115 1.231691903
2.2785 1.215188191
2.28585 1.198893532
2.2932 1.182805474
2.30055 1.166921584
2.3079 1.151239451
2.31525 1.13575668
2.3226 1.1204709
2.32995 1.105379756
2.3373 1.090480917
2.34465 1.075772069
2.352 1.061250921
2.35935 1.046915201
2.3667 1.032762657
2.37405 1.01879106
2.3814 1.0049982
2.38875 0.9913818887
2.3961 0.9779399577
2.40345 0.9646702609
2.4108 0.9515706726
2.41815 0.9386390886
2.4255 0.9258734256
2.43285 0.9132716219
2.4402 0.9008316369
2.44755 0.8885514513
2.4549 0.8764290673
2.46225 0.8644625083
2.4696 0.8526498193
2.47695 0.8409890664
2.4843 0.8294783373
2.49165 0.818115741
2.499 0.8068994076
2.50635 0.7958274888
2.5137 0.7848981573
2.52105 0.7741096071
2.5284 0.7634600534
2.53575 0.7529477323
2.5431 0.742570901
2.55045 0.7323278376
2.5578 0.722216841
2.56515 0.7122362309
2.5725 0.7023843475
2.57985 0.6926595515
2.5872 0.6830602242
2.59455 0.6735847669
2.6019 0.6642316012
2.60925 0.6549991687
2.6166 0.6458859306
2.62395 0.6368903682
2.6313 0.628010982
2.63865 0.619246292
2.646 0.6105948374
2.65335 0.6020551765
2.6607 0.5936258863
2.66805 0.5853055626
2.6754 0.5770928197
2.68275 0.5689862901
2.6901 0.5609846244
2.69745 0.5530864913
2.7048 0.5452905769
2.71215 0.537595585
2.7195 0.5300002367
2.72685 0.5225032701
2.7342 0.5151034402
2.74155 0.5077995188
2.7489 0.5005902938
2.75625 0.4934745698
2.7636 0.486451167
2.77095 0.4795189217
2.7783 0.4726766857
2.78565 0.4659233262
2.793 0.4592577254
2.80035 0.4526787808
2.8077 0.4461854042
2.81505 0.4397765223
2.8224 0.4334510759
2.82975 0.4272080201
2.8371 0.4210463236
2.84445 0.4149649691
2.8518 0.4089629526
2.85915 0.4030392835
2.8665 0.3971929841
2.87385 0.3914230899
2.8812 0.385728649
2.88855 0.3801087217
2.8959 0.3745623812
2.90325 0.3690887123
2.9106 0.363686812
2.91795 0.3583557893
2.9253 0.3530947643
2.93265 0.347902869
2.94 0.3427792465
2.94735 0.337723051
2.9547 0.3327334476
2.96205 0.3278096122
2.9694 0.3229507315
2.97675 0.3181560025
2.9841 0.3134246325
2.99145 0.3087558393
2.9988 0.3041488503
3.00615 0.2996029032
3.0135 0.2951172453
3.02085 0.2906911334
3.0282 0.2863238342
3.03555 0.2820146234
3.0429 0.2777627861
3.05025 0.2735676166
3.0576 0.2694284182
3.06495 0.265344503
3.0723 0.261315192
3.07965 0.2573398148
3.087 0.2534177095
3.09435 0.2495482229
3.1017 0.2457307098
3.10905 0.2419645334
3.1164 0.2382490651
3.12375 0.2345836842
3.1311 0.230967778
3.13845 0.2274007416
3.1458 0.2238819777
3.15315 0.2204108969
3.1605 0.2169869169
3.16785 0.2136094631
3.1752 0.2102779683
3.18255 0.2069918722
3.1899 0.203750622
3.19725 0.2005536716
3.2046 0.197400482
3.21195 0.1942905209
3.2193 0.191223263
3.22665 0.1881981894
3.234 0.1852147877
3.24135 0.1822725522
3.2487 0.1793709834
3.25605 0.1765095879
3.2634 0.1736878788
3.27075 0.1709053751
3.2781 0.1681616016
3.28545 0.1654560892
3.2928 0.1627883746
3.30015 0.1601580001
3.3075 0.1575645135
3.31485 0.1550074682
3.3222 0.1524864231
3.32955 0.1500009422
3.3369 0.1475505949
3.34425 0.1451349557
3.3516 0.1427536041
3.35895 0.1404061245
3.3663 0.1380921063
3.37365 0.1358111435
3.381 0.133562835
3.38835 0.1313467841
3.3957 0.1291625988
3.40305 0.1270098914
3.4104 0.1248882786
3.41775 0.1227973813
3.4251 0.1207368248
3.43245 0.1187062383
3.4398 0.1167052551
3.44715 0.1147335126
3.4545 0.1127906519
3.46185 0.1108763181
3.4692 0.1089901598
3.47655 0.1071318296
3.4839 0.1053009836
3.49125 0.1034972814
3.4986 0.1017203861
3.50595 0.09996996436
3.5133 0.09824568612
3.52065 0.09654722471
3.528 0.0948742567
3.53535 0.0932264619
3.5427 0.09160352331
3.55005 0.09000512705
3.5574 0.08843096233
3.56475 0.08688072139
3.5721 0.0853540995
3.57945 0.08385079489
3.5868 0.0823705087
3.59415 0.08091294498
3.6015 0.07947781064
3.60885 0.07806481541
3.6162 0.07667367184
3.62355 0.07530409523
3.6309 0.07395580365
3.63825 0.07262851786
3.6456 0.07132196134
3.65295 0.07003586027
3.6603 0.06876994343
3.66765 0.0675239423
3.675 0.06629759095
3.68235 0.06509062605
3.6897 0.06390278687
3.69705 0.06273381528
3.7044 0.06158345566
3.71175 0.060451455
3.7191 0.05933756279
3.72645 0.05824153106
3.7338 0.05716311438
3.74115 0.05610206981
3.7485 0.05505815691
3.75585 0.05403113775
3.7632 0.05302077688
3.77055 0.05202684135
3.7779 0.05104910064
3.78525 0.05008732674
3.7926 0.04914129408
3.79995 0.04821077955
3.8073 0.04729556249
3.81465 0.04639542469
3.822 0.04551015035
3.82935 0.04463952613
3.8367 0.0437833411
3.84405 0.04294138674
3.8514 0.04211345696
3.85875 0.04129934806
3.8661 0.04049885873
3.87345 0.03971179007
3.8808 0.03893794553
3.88815 0.03817713096
3.8955 0.03742915455
3.90285 0.03669382685
3.9102 0.03597096077
3.91755 0.03526037153
3.9249 0.03456187668
3.93225 0.03387529608
3.9396 0.03320045189
3.94695 0.03253716854
3.9543 0.03188527276
3.96165 0.03124459352
3.969 0.03061496202
3.97635 0.02999621173
3.9837 0.02938817829
3.99105 0.02879069956
3.9984 0.02820361558
4.00575 0.02762676855
4.0131 0.02706000281
4.02045 0.02650316484
4.0278 0.02595610321
4.03515 0.0254186686
4.0425 0.02489071374
4.04985 0.02437209342
4.0572 0.02386266446
4.06455 0.02336228567
4.0719 0.02287081788
4.07925 0.02238812385
4.0866 0.02191406829
4.09395 0.02144851785
4.1013 0.02099134104
4.10865 0.02054240828
4.116 0.02010159182
4.12335 0.01966876573
4.1307 0.01924380591
4.13805 0.01882659001
4.1454 0.01841699746
4.15275 0.01801490941
4.1601 0.01762020871
4.16745 0.01723277991
4.1748 0.01685250921
4.18215 0.01647928445
4.1895 0.01611299508
4.19685 0.01575353214
4.2042 0.01540078825
4.21155 0.01505465753
4.2189 0.01471503567
4.22625 0.01438181982
4.2336 0.01405490861
4.24095 0.01373420214
4.2483 0.0134196019
4.25565 0.01311101082
4.263 0.0128083332
4.27035 0.01251147469
4.2777 0.01222034231
4.28505 0.01193484438
4.2924 0.01165489052
4.29975 0.01138039163
4.3071 0.01111125988
4.31445 0.01084740867
4.3218 0.01058875262
4.32915 0.01033520756
4.3365 0.01008669051
4.34385 0.009843119628
4.3512 0.009604414251
4.35855 0.009370494833
4.3659 0.009141282943
4.37325 0.008916701249
4.3806 0.008696673501
4.38795 0.008481124512
4.3953 0.008269980149
4.40265 0.008063167311
4.41 0.007860613918
4.41735 0.007662248895
4.4247 0.00746800216
4.43205 0.007277804607
4.4394 0.007091588094
4.44675 0.006909285432
4.4541 0.006730830367
4.46145 0.006556157571
4.4688 0.006385202628
4.47615 0.006217902023
4.4835 0.006054193129
4.49085 0.005894014194
4.4982 0.005737304334
4.50555 0.005584003517
4.5129 0.005434052552
4.52025 0.005287393083
4.5276 0.005143967573
4.53495 0.005003719295
4.5423 0.004866592324
4.54965 0.004732531523
4.557 0.004601482536
4.56435 0.004473391777
4.5717 0.00434820642
4.57905 0.004225874391
4.5864 0.004106344355
4.59375 0.003989565711
4.6011 0.00387548858
4.60845 0.003764063798
4.6158 0.003655242904
4.62315 0.003548978134
4.6305 0.003445222412
4.63785 0.00334392934
4.6452 0.00324505319
4.65255 0.003148548896
4.6599 0.003054372047
4.66725 0.002962478876
4.6746 0.002872826253
4.68195 0.002785371678
4.6893 0.002700073272
4.69665 0.002616889771
4.704 0.002535780513
4.71135 0.002456705438
4.7187 0.002379625076
4.72605 0.002304500538
4.7334 0.002231293512
4.74075 0.002159966255
4.7481 0.002090481585
4.75545 0.002022802873
4.7628 0.001956894038
4.77015 0.001892719538
4.7775 0.001830244366
4.78485 0.00176943404
4.7922 0.001710254597
4.79955 0.001652672588
4.8069 0.001596655072
4.81425 0.001542169604
4.8216 0.001489184237
4.82895 0.001437667508
4.8363 0.001387588436
4.84365 0.001338916516
4.851 0.001291621711
4.85835 0.001245674448
4.8657 0.001201045608
4.87305 0.001157706526
4.8804 0.001115628983
4.88775 0.001074785198
4.8951 0.001035147824
4.90245 0.0009966899444
4.9098 0.0009593850654
4.91715 0.0009232071109
4.9245 0.0008881304181
4.93185 0.0008541297316
4.9392 0.0008211801987
4.94655 0.0007892573643
4.9539 0.000758337166
4.96125 0.0007283959292
4.9686 0.0006994103626
4.97595 0.000671357553
4.9833 0.0006442149614
4.99065 0.0006179604178
4.998 0.0005925721173
5.00535 0.0005680286154
5.0127 0.000544308824
5.02005 0.000521392007
5.0274 0.0004992577764
5.03475 0.000477886088
5.0421 0.0004572572377
5.04945 0.0004373518576
5.0568 0.0004181509121
5.06415 0.0003996356945
5.0715 0.0003817878229
5.07885 0.0003645892373
5.0862 0.0003480221956
5.09355 0.0003320692705
5.1009 0.0003167133464
5.10825 0.0003019376158
5.1156 0.0002877255766
5.12295 0.0002740610287
5.1303 0.0002609280715
5.13765 0.0002483111005
5.145 0.000236194805
5.15235 0.0002245641652
5.1597 0.0002134044493
5.16705 0.0002027012115
5.1744 0.000192440289
5.18175 0.0001826077999
5.1891 0.0001731901404
5.19645 0.0001641739833
5.2038 0.0001555462747
5.21115 0.0001472942327
5.2185 0.0001394053449
5.22585 0.0001318673661
5.2332 0.0001246683165
5.24055 0.0001177964798
5.2479 0.0001112404008
5.25525 0.0001049888835
5.2626 9.903098946e-05
