  5.0E-8      3999.9999999999995  
  6.0E-8      2777.777777777778   
  7.0E-8      2040.816326530612   
  8.0E-8      1562.5              
  9.0E-8      1234.567901234568   
  9.1E-8      1207.5836251660428  
  9.12E-8     1202.2930132348415  
  9.2E-8      1181.4744801512286  
  9.3E-8      1156.2030292519364  
  9.4E-8      1131.7338162064282  
  9.5E-8      1108.0332409972298  
  9.6E-8      1085.0694444444443  
  9.7E-8      1062.8122010840684  
  9.8E-8      1041.2328196584756  
  9.9E-8      1020.3040506070809  
  1.0E-7      999.9999999999999   
  1.01E-7     980.2960494069209   
  1.02E-7     961.1687812379853   
  1.03E-7     942.5959091337545   
  1.04E-7     924.5562130177512   
  1.05E-7     907.02947845805     
  1.06E-7     889.99644001424     
  1.07E-7     873.4387282732114   
  1.08E-7     857.3388203017832   
  1.09E-7     841.6799932665599   
  1.1E-7      826.4462809917354   
  1.11E-7     811.6224332440548   
  1.12E-7     797.1938775510204   
  1.13E-7     783.1466833737959   
  1.14E-7     769.4675284702986   
  1.15E-7     756.1436672967864   
  1.16E-7     743.1629013079665   
  1.17E-7     730.5135510263714   
  1.18E-7     718.1844297615628   
  1.19E-7     706.1648188687241   
  1.2E-7      694.4444444444445   
  1.21E-7     683.0134553650706   
  1.22E-7     671.8624025799515   
  1.23E-7     660.9822195782933   
  1.24E-7     650.3642039542143   
  1.25E-7     640.0               
  1.26E-7     629.8815822625347   
  1.27E-7     620.0012400024798   
  1.28E-7     610.3515624999999   
  1.29E-7     600.9254251547383   
  1.3E-7      591.7159763313609   
  1.31E-7     582.7166249053085   
  1.32E-7     573.921028466483    
  1.33E-7     565.3230821414436   
  1.34E-7     556.9169079973267   
  1.35E-7     548.6968449931412   
  1.36E-7     540.6574394463668   
  1.37E-7     532.7934359848687   
  1.38E-7     525.0997689561017   
  1.39E-7     517.5715542673776   
  1.4E-7      510.204081632653    
  1.41E-7     502.9928072028569   
  1.42E-7     495.9333465582225   
  1.43E-7     489.02146804244705  
  1.44E-7     482.2530864197531   
  1.45E-7     475.6242568370988   
  1.46E-7     469.13116907487324  
  1.47E-7     462.77014207043356  
  1.48E-7     456.5376186997808   
  1.49E-7     450.4301608035674   
  1.5E-7      444.4444444444444   
  1.51E-7     438.5772553835358   
  1.52E-7     432.82548476454286  
  1.53E-7     427.18612499466013  
  1.54E-7     421.6562658121099   
  1.55E-7     416.23309053069715  
  1.56E-7     410.91387245233403  
  1.57E-7     405.69597143900364  
  1.58E-7     400.5768306361159   
  1.59E-7     395.5539733396621   
  1.6E-7      390.625             
  1.61E-7     385.78758535550327  
  1.62E-7     381.03947568968147  
  1.63E-7     376.3784862057285   
  1.64E-7     371.80249851278995  
  1.65E-7     367.30945821854914  
  1.66E-7     362.8973726230222   
  1.67E-7     358.564308508731    
  1.68E-7     354.3083900226758   
  1.69E-7     350.1277966457758   
  1.7E-7      346.0207612456748   
  1.71E-7     341.98556820902155  
  1.72E-7     338.02055164954027  
  1.73E-7     334.1240936883959   
  1.74E-7     330.29462280354073  
  1.75E-7     326.530612244898    
  1.76E-7     322.83057851239676  
  1.77E-7     319.19307989402785  
  1.78E-7     315.61671506122957  
  1.79E-7     312.1001217190475   
  1.8E-7      308.641975308642    
  1.81E-7     305.2409877598364   
  1.82E-7     301.8959062915107   
  1.83E-7     298.6055122577562   
  1.84E-7     295.36862003780715  
  1.85E-7     292.1840759678597   
  1.86E-7     289.0507573129841   
  1.87E-7     285.9675712774171   
  1.88E-7     282.93345405160704  
  1.89E-7     279.9473698944598   
  1.9E-7      277.00831024930744  
  1.91E-7     274.11529289219044  
  1.92E-7     271.2673611111111   
  1.93E-7     268.46358291497756  
  1.94E-7     265.7030502710171   
  1.95E-7     262.9848783694937   
  1.96E-7     260.3082049146189   
  1.97E-7     257.6721894405937   
  1.98E-7     255.0760126517702   
  1.99E-7     252.51887578596504  
  2.0E-7      249.99999999999997  
  2.01E-7     247.51862577658963  
  2.02E-7     245.07401235173023  
  2.03E-7     242.66543716178504  
  2.04E-7     240.29219530949632  
  2.05E-7     237.95359904818557  
  2.06E-7     235.64897728343863  
  2.07E-7     233.37767509160074  
  2.08E-7     231.1390532544378   
  2.095E-7    227.84103530966448  
  2.12E-7     222.49911000356     
  2.145E-7    217.34287468553202  
  2.17E-7     212.3638216993353   
  2.195E-7    207.55392510416613  
  2.22E-7     202.9056083110137   
  2.245E-7    198.411714227608    
  2.27E-7     194.06547769217332  
  2.3E-7      189.0359168241966   
  2.325E-7    184.99248468030984  
  2.35E-7     181.0774105930285   
  2.38E-7     176.54120471718102  
  2.41E-7     172.1733441228629   
  2.435E-7    168.656105983497    
  2.46E-7     165.24555489457333  
  2.49E-7     161.28772116578762  
  2.52E-7     157.47039556563368  
  2.55E-7     153.78700499807766  
  2.58E-7     150.23135628868457  
  2.61E-7     146.79761013490696  
  2.64E-7     143.48025711662075  
  2.67E-7     140.27409558276872  
  2.7E-7      137.1742112482853   
  2.73E-7     134.1759583517825   
  2.76E-7     131.27494223902542  
  2.795E-7    128.0077828731987   
  2.83E-7     124.86109203511094  
  2.86E-7     122.25536701061176  
  2.8964E-7   119.20182988731652  
  2.928E-7    116.64277822568607  
  2.962E-7    113.98032517219005  
  2.996E-7    111.40800105525656  
  3.03E-7     108.92178326743566  
  3.064E-7    106.51787114234878  
  3.1E-7      104.05827263267429  
  3.136E-7    101.682892544773    
  3.172E-7    99.38792937573247   
  3.21E-7     97.04874758591241   
  3.248E-7    94.79118639132228   
  3.284E-7    92.72432982563375   
  3.322E-7    90.61513540982142   
  3.362E-7    88.47174265622606   
  3.4E-7      86.5051903114187    
  3.438E-7    84.6034854605526    
  3.478E-7    82.66864983246371   
  3.518E-7    80.79943608457567   
  3.56E-7     78.90417876530739   
  3.602E-7    77.07483133714658   
  3.644E-7    75.30837272463282   
  3.686E-7    73.60195298366125   
  3.728E-7    71.95288179925952   
  3.772E-7    70.28402618389224   
  3.816E-7    68.67256481591357   
  3.86E-7     67.11589572874439   
  3.904E-7    65.6115627519484    
  3.948E-7    64.15724581669093   
  3.994E-7    62.68792272033488   
  4.042E-7    61.20788621992582   
  4.088E-7    59.83815932077466   
  4.134E-7    58.513901381606836  
  4.182E-7    57.178392697084185  
  4.23E-7     55.888089689206325  
  4.28E-7     54.58992051707571   
  4.33E-7     53.33646240579447   
  4.38E-7     52.125685452763705  
  4.432E-7    50.90969516089093   
  4.482E-7    49.78016085363816   
  4.534E-7    48.644861186051216  
  4.588E-7    47.5065159937337    
  4.64E-7     46.44768133174791   
  4.694E-7    45.385155677437886  
  4.748E-7    44.358676450652915  
  4.802E-7    43.36663138935759   
  4.858E-7    42.37258690236221   
  4.914E-7    41.412332824624244  
  4.97E-7     40.4843548210794    
  5.028E-7    39.55573529681674   
  5.088E-7    38.628317708951386  
  5.146E-7    37.762473738087635  
  5.204E-7    36.9254183354494    
  5.266E-7    36.06104355755754   
  5.328E-7    35.22666810955099   
  5.388E-7    34.44647816451527   
  5.45E-7     33.667199730662404  
  5.514E-7    32.8901971293699    
  5.578E-7    32.139785956739075  
  5.642E-7    31.414766523570307  
  5.708E-7    30.692486332021982  
  5.774E-7    29.994832490258577  
  5.84E-7     29.320698067179578  
  5.908E-7    28.64963060312285   
  5.976E-7    28.001340480171468  
  6.046E-7    27.3567004055029    
  6.116E-7    26.734067885711642  
  6.186E-7    26.13245243972053   
  6.258E-7    25.534589614714704  
  6.33E-7     24.95701154760924   
  6.404E-7    24.383573508281245  
  6.478E-7    23.82967463629483   
  6.552E-7    23.294437213851133  
  6.628E-7    22.763288388282692  
  6.706E-7    22.23683132625176   
  6.784E-7    21.72842871128515   
  6.862E-7    21.237264331139578  
  6.942E-7    20.75060585543916   
  7.022E-7    20.280485605681974  
  7.104E-7    19.815000811622433  
  7.186E-7    19.365359972219228  
  7.268E-7    18.93085210945728   
  7.352E-7    18.500735885270572  
  7.438E-7    18.07538897694817   
  7.524E-7    17.664543812449462  
  7.61E-7     17.267548577931038  
  7.7E-7      16.866250632484395  
  7.79E-7     16.47878109751978   
  7.88E-7     16.104511840037105  
  7.965067E-7 15.762356048594722  
  8.06E-7     15.393235596549452  
  8.155E-7    15.03668386988607   
  8.25E-7     14.692378328741965  
  8.345E-7    14.35976451422173   
  8.445E-7    14.021700685065241  
  8.54E-7     13.711477603672481  
  8.635E-7    13.411437072363757  
  8.735E-7    13.10612124669357   
  8.84E-7     12.796625785712822  
  8.945E-7    12.497965175044937  
  9.045E-7    12.22314201365875   
  9.15E-7     11.944220490310249  
  9.26E-7     11.662133983924914  
  9.365E-7    11.40208926182589   
  9.47E-7     11.150646347215515  
  9.58E-7     10.896047349863364  
  9.69E-7     10.650069598204825  
  9.805E-7    10.401711497609817  
  9.92E-7     10.161940686784598  
  1.002429E-6 9.951596429717478   
  1.015E-6    9.706617486471401   
  1.027E-6    9.481108417422861   
  1.039E-6    9.26336773439331    
  1.051E-6    9.053042682380333   
  1.059E-6    8.916780578538559   
  1.08E-6     8.573388203017831   
  1.1E-6      8.264462809917354   
  1.12E-6     7.971938775510203   
  1.14E-6     7.694675284702983   
  1.16E-6     7.431629013079669   
  1.18E-6     7.181844297615628   
  1.2E-6      6.944444444444444   
  1.22E-6     6.7186240257995165  
  1.24E-6     6.503642039542143   
  1.26E-6     6.298815822625346   
  1.28E-6     6.103515625         
  1.3E-6      5.9171597633136095  
  1.32E-6     5.73921028466483    
  1.34E-6     5.569169079973268   
  1.36E-6     5.406574394463669   
  1.38E-6     5.250997689561016   
  1.4E-6      5.102040816326531   
  1.42E-6     4.959333465582226   
  1.44E-6     4.822530864197531   
  1.46E-6     4.691311690748733   
  1.48E-6     4.565376186997808   
  1.5E-6      4.444444444444444   
  1.52E-6     4.328254847645429   
  1.54E-6     4.216562658121099   
  1.56E-6     4.109138724523339   
  1.58E-6     4.00576830636116    
  1.6E-6      3.9062499999999996  
  1.62E-6     3.810394756896814   
  1.64E-6     3.7180249851278995  
  1.66E-6     3.628973726230222   
  1.68E-6     3.543083900226758   
  1.7E-6      3.460207612456747   
  1.72E-6     3.3802055164954026  
  1.74E-6     3.302946228035407   
  1.76E-6     3.2283057851239665  
  1.78E-6     3.1561671506122964  
  1.8E-6      3.08641975308642    
  1.82E-6     3.0189590629151066  
  1.84E-6     2.9536862003780717  
  1.86E-6     2.8905075731298413  
  1.88E-6     2.8293345405160704  
  1.9E-6      2.770083102493074   
  1.92E-6     2.712673611111111   
  1.94E-6     2.6570305027101706  
  1.96E-6     2.603082049146189   
  1.98E-6     2.550760126517702   
  2.0E-6      2.5                 
  2.02E-6     2.450740123517302   
  2.04E-6     2.4029219530949635  
  2.06E-6     2.356489772834385   
  2.08E-6     2.3113905325443787  
  2.1E-6      2.267573696145125   
  2.12E-6     2.2249911000355995  
  2.14E-6     2.183596820683029   
  2.16E-6     2.143347050754458   
  2.18E-6     2.1041999831664002  
  2.2E-6      2.0661157024793386  
  2.22E-6     2.029056083110137   
  2.24E-6     1.9929846938775508  
  2.26E-6     1.9578667084344896  
  2.28E-6     1.9236688211757458  
  2.3E-6      1.8903591682419658  
  2.32E-6     1.8579072532699172  
  2.34E-6     1.8262838775659285  
  2.36E-6     1.795461074403907   
  2.38E-6     1.76541204717181    
  2.4E-6      1.736111111111111   
  2.42E-6     1.7075336384126767  
  2.44E-6     1.6796560064498791  
  2.46E-6     1.6524555489457329  
  2.48E-6     1.6259105098855358  
  2.5E-6      1.5999999999999996  
  2.52E-6     1.5747039556563365  
  2.54E-6     1.5500031000062002  
