9e-09 1000
9.5e-09 1000
1e-08 1000
1.05e-08 1000
1.1000000000000001e-08 1000
1.15e-08 1000
1.2e-08 1000
1.2500000000000001e-08 1000
1.3e-08 1000
1.35e-08 1000
1.4000000000000001e-08 1000
1.45e-08 1000
1.5000000000000002e-08 1000
1.55e-08 1000
1.6e-08 1000
1.6500000000000002e-08 1000
1.7e-08 1000
1.75e-08 1000
1.8e-08 1000
1.85e-08 1000
1.9e-08 1000
1.95e-08 1000
2e-08 1000
2.05e-08 1000
2.1e-08 1000
2.15e-08 1000
2.2000000000000002e-08 1000
2.25e-08 1000
2.3e-08 1000
2.3500000000000002e-08 1000
2.4e-08 1000
2.45e-08 1000
2.5000000000000002e-08 1000
2.55e-08 1000
2.6e-08 1000
2.6500000000000002e-08 1000
2.7e-08 1000
2.75e-08 1000
2.8000000000000003e-08 1000
2.85e-08 1000
2.9e-08 1000
2.95e-08 1000
3.0000000000000004e-08 1000
3.05e-08 1000
3.1e-08 1000
3.1500000000000004e-08 1000
3.2e-08 1000
3.25e-08 1000
3.3000000000000004e-08 1000
3.35e-08 1000
3.4e-08 1000
3.4500000000000005e-08 1000
3.5e-08 1000
3.55e-08 1000
3.6e-08 1000
3.65e-08 1000
3.7e-08 1000
3.75e-08 1000
3.8e-08 1000
3.85e-08 1000
3.9e-08 1000
3.95e-08 1000
4e-08 1000
4.05e-08 1000
4.1e-08 1000
4.15e-08 1000
4.2e-08 1000
4.2500000000000003e-08 1000
4.3e-08 1000
4.35e-08 1000
4.4000000000000004e-08 1000
4.45e-08 1000
4.5e-08 1000
4.5500000000000004e-08 1000
4.6e-08 1000
4.65e-08 1000
4.7000000000000004e-08 1000
4.75e-08 1000
4.8e-08 1000
4.8500000000000004e-08 1000
4.9e-08 1000
4.95e-08 1000
5.0000000000000004e-08 1000
5.05e-08 1000
5.1e-08 1000
5.1500000000000005e-08 1000
5.2e-08 1000
5.25e-08 1000
5.3000000000000005e-08 1000
5.35e-08 1000
5.4e-08 1000
5.4500000000000005e-08 1000
5.5e-08 1000
5.55e-08 1000
5.6000000000000005e-08 1000
5.65e-08 1000
5.7e-08 1000
5.7500000000000005e-08 1000
5.8e-08 1000
5.85e-08 1000
5.9e-08 1000
5.9500000000000003e-08 1000
6.000000000000001e-08 1000
6.05e-08 1000
6.1e-08 1000
6.15e-08 1000
6.2e-08 1000
6.25e-08 1000
6.300000000000001e-08 1000
6.35e-08 1000
6.4e-08 1000
6.45e-08 1000
6.5e-08 1000
6.55e-08 1000
6.600000000000001e-08 1000
6.65e-08 1000
6.7e-08 1000
6.75e-08 1000
6.8e-08 1000
6.85e-08 1000
6.900000000000001e-08 1000
6.950000000000001e-08 1000
7e-08 1000
7.05e-08 1000
7.1e-08 1000
7.15e-08 1000
7.2e-08 1000
7.250000000000001e-08 1000
7.3e-08 1000
7.35e-08 1000
7.4e-08 1000
7.45e-08 1000
7.5e-08 1000
7.550000000000001e-08 1000
7.6e-08 1000
7.65e-08 1000
7.7e-08 1000
7.75e-08 1000
7.8e-08 1000
7.850000000000001e-08 1000
7.9e-08 1000
7.95e-08 1000
8e-08 1000
8.05e-08 1000
8.1e-08 1000
8.150000000000001e-08 1000
8.2e-08 1000
8.25e-08 1000
8.3e-08 1000
8.35e-08 1000
8.4e-08 1000
8.450000000000001e-08 1000
8.500000000000001e-08 1000
8.55e-08 1000
8.6e-08 1000
8.65e-08 1000
8.7e-08 1000
8.750000000000001e-08 1000
8.800000000000001e-08 1000
8.85e-08 1000
8.9e-08 1000
8.95e-08 1000
9e-08 1000
9.050000000000001e-08 1000
9.100000000000001e-08 1000
9.15e-08 1000
9.2e-08 1000
9.25e-08 1000
9.3e-08 1000
9.35e-08 1000
9.400000000000001e-08 1000
9.45e-08 1000
9.5e-08 1000
9.55e-08 1000
9.6e-08 1000
9.65e-08 1000
9.700000000000001e-08 1000
9.75e-08 1000
9.8e-08 1000
9.85e-08 1000
9.9e-08 1000
9.95e-08 1000
1.0000000000000001e-07 1000
1.005e-07 1000
1.01e-07 1000
1.015e-07 1000
1.02e-07 1000
1.025e-07 1000
1.0300000000000001e-07 1000
1.0350000000000001e-07 1000
1.04e-07 1000
1.045e-07 1000
1.05e-07 1000
1.055e-07 1000
1.0600000000000001e-07 1000
1.0650000000000001e-07 1000
1.07e-07 1000
1.075e-07 1000
1.08e-07 1000
1.085e-07 1000
1.0900000000000001e-07 1000
1.0950000000000001e-07 1000
1.1e-07 1000
1.105e-07 1000
1.11e-07 1000
1.115e-07 1000
1.1200000000000001e-07 1000
1.1250000000000001e-07 1000
1.13e-07 1000
1.135e-07 1000
1.14e-07 1000
1.145e-07 1000
1.1500000000000001e-07 1000
1.1550000000000001e-07 1000
1.16e-07 1000
1.165e-07 1000
1.17e-07 1000
1.175e-07 1000
1.18e-07 1000
1.1850000000000001e-07 1000
1.1900000000000001e-07 1000
1.195e-07 1000
1.2000000000000002e-07 1000
1.205e-07 1000
1.21e-07 1000
1.215e-07 1000
1.22e-07 1000
1.225e-07 1000
1.23e-07 1000
1.2350000000000001e-07 1000
1.24e-07 1000
1.245e-07 1000
1.25e-07 1000
1.255e-07 1000
1.2600000000000002e-07 1000
1.265e-07 1000
1.27e-07 1000
1.275e-07 1000
1.28e-07 1000
1.285e-07 1000
1.29e-07 1000
1.2950000000000001e-07 1000
1.3e-07 1000
1.305e-07 1000
1.31e-07 1000
1.315e-07 1000
1.3200000000000002e-07 1000
1.325e-07 1000
1.33e-07 1000
1.335e-07 1000
1.34e-07 1000
1.345e-07 1000
1.35e-07 1000
1.3550000000000002e-07 1000
1.36e-07 1000
1.365e-07 1000
1.37e-07 1000
1.375e-07 1000
1.3800000000000002e-07 1000
1.385e-07 1000
1.3900000000000001e-07 1000
1.395e-07 1000
1.4e-07 1000
1.405e-07 1000
1.41e-07 1000
1.4150000000000002e-07 1000
1.42e-07 1000
1.425e-07 1000
1.43e-07 1000
1.435e-07 1000
1.44e-07 1000
1.445e-07 1000
1.4500000000000001e-07 1000
1.455e-07 1000
1.46e-07 1000
1.465e-07 1000
1.47e-07 1000
1.4750000000000002e-07 1000
1.48e-07 1000
1.485e-07 1000
1.49e-07 1000
1.495e-07 1000
1.5e-07 1000
1.505e-07 1000
1.5100000000000002e-07 1000
1.515e-07 1000
1.52e-07 1000
1.525e-07 1000
1.53e-07 1000
1.5350000000000002e-07 1000
1.54e-07 1000
1.5450000000000001e-07 1000
1.55e-07 1000
1.555e-07 1000
1.56e-07 1000
1.565e-07 1000
1.5700000000000002e-07 1000
1.575e-07 1000
1.58e-07 1000
1.585e-07 1000
1.59e-07 1000
1.5950000000000002e-07 1000
1.6e-07 1000
1.6050000000000001e-07 1000
1.61e-07 1000
1.615e-07 1000
1.62e-07 1000
1.625e-07 1000
1.6300000000000002e-07 1000
1.635e-07 1000
1.64e-07 1000
1.645e-07 1000
1.65e-07 1000
1.655e-07 1000
1.66e-07 1000
1.6650000000000002e-07 1000
1.67e-07 1000
1.675e-07 1000
1.68e-07 1000
1.685e-07 1000
1.6900000000000002e-07 1000
1.695e-07 1000
1.7000000000000001e-07 1000
1.705e-07 1000
1.71e-07 1000
1.715e-07 1000
1.72e-07 1000
1.7250000000000002e-07 1000
1.73e-07 1000
1.735e-07 1000
1.74e-07 1000
1.745e-07 1000
1.7500000000000002e-07 1000
1.755e-07 1000
1.7600000000000001e-07 1000
1.765e-07 1000
1.77e-07 1000
1.775e-07 1000
1.78e-07 1000
1.7850000000000002e-07 1000
1.79e-07 1000
1.795e-07 1000
1.8e-07 1000
1.805e-07 1000
1.8100000000000002e-07 1000
1.815e-07 1000
1.8200000000000002e-07 1000
1.825e-07 1000
1.83e-07 1000
1.835e-07 1000
1.84e-07 1000
1.8450000000000002e-07 1000
1.85e-07 1000
1.8550000000000001e-07 1000
1.86e-07 1000
1.865e-07 1000
1.87e-07 1000
1.875e-07 1000
1.8800000000000002e-07 1000
1.885e-07 1000
1.89e-07 1000
1.895e-07 1000
1.9e-07 1000
1.9050000000000002e-07 1000
1.91e-07 1000
1.9150000000000001e-07 1000
1.92e-07 1000
1.925e-07 1000
1.93e-07 1000
1.935e-07 1000
1.9400000000000002e-07 1000
1.945e-07 1000
1.95e-07 1000
1.955e-07 1000
1.96e-07 1000
1.9650000000000002e-07 1000
1.97e-07 1000
1.9750000000000001e-07 1000
1.98e-07 1000
1.985e-07 1000
1.99e-07 1000
1.995e-07 1000
2.0000000000000002e-07 1000
2.005e-07 1000
2.01e-07 1000
2.015e-07 1000
2.02e-07 1000
2.0250000000000002e-07 1000
2.03e-07 1000
2.0350000000000002e-07 1000
2.04e-07 1000
2.045e-07 1000
2.05e-07 1000
2.055e-07 1000
2.0600000000000002e-07 1000
2.065e-07 1000
2.0700000000000001e-07 1000
2.075e-07 1000
2.08e-07 1000
2.0850000000000002e-07 1000
2.09e-07 1000
2.0950000000000002e-07 1000
2.1e-07 1000
2.105e-07 1000
2.11e-07 1000
2.115e-07 1000
2.1200000000000002e-07 1000
2.125e-07 1000
2.1300000000000001e-07 1000
2.135e-07 1000
2.14e-07 1000
2.145e-07 1000
2.15e-07 1000
2.1550000000000002e-07 1000
2.16e-07 1000
2.165e-07 1000
2.17e-07 1000
2.175e-07 1000
2.1800000000000002e-07 1000
2.185e-07 1000
2.1900000000000002e-07 1000
2.195e-07 1000
2.2e-07 1000
2.205e-07 1000
2.21e-07 1000
2.2150000000000002e-07 1000
2.22e-07 1000
2.2250000000000001e-07 1000
2.23e-07 1000
2.235e-07 1000
2.2400000000000002e-07 1000
2.245e-07 1000
2.2500000000000002e-07 1000
2.255e-07 1000
2.26e-07 1000
2.265e-07 1000
2.27e-07 1000
2.2750000000000002e-07 1000
2.28e-07 1000
2.2850000000000001e-07 1000
2.29e-07 1000
2.295e-07 1000
2.3000000000000002e-07 1000
2.305e-07 1000
2.3100000000000002e-07 1000
2.315e-07 1000
2.32e-07 1000
2.325e-07 1000
2.33e-07 1000
2.3350000000000002e-07 1000
2.34e-07 1000
2.3450000000000002e-07 1000
2.35e-07 1000
2.355e-07 1000
2.36e-07 1000
2.365e-07 1000
2.3700000000000002e-07 1000
2.375e-07 1000
2.3800000000000001e-07 1000
2.385e-07 1000
2.39e-07 1000
2.395e-07 1000
2.4000000000000003e-07 1000
2.405e-07 1000
2.41e-07 1000
2.415e-07 1000
2.42e-07 1000
2.425e-07 1000
2.43e-07 1000
2.4350000000000003e-07 1000
2.44e-07 1000
2.445e-07 1000
2.45e-07 1000
2.455e-07 1000
2.46e-07 1000
2.465e-07 1000
2.4700000000000003e-07 1000
2.475e-07 1000
2.48e-07 1000
2.4850000000000003e-07 1000
2.49e-07 1000
2.495e-07 1000
2.5e-07 1000
2.505e-07 1000
2.51e-07 1000
2.515e-07 1000
2.5200000000000003e-07 1000
2.525e-07 1000
2.53e-07 1000
2.535e-07 1000
2.54e-07 1000
2.545e-07 1000
2.55e-07 1000
2.5550000000000003e-07 1000
2.56e-07 1000
2.565e-07 1000
2.57e-07 1000
2.575e-07 1000
2.58e-07 1000
2.585e-07 1000
2.5900000000000003e-07 1000
2.595e-07 1000
2.6e-07 1000
2.605e-07 1000
2.61e-07 1000
2.615e-07 1000
2.62e-07 1000
2.6250000000000003e-07 1000
2.63e-07 1000
2.635e-07 1000
2.6400000000000003e-07 1000
2.645e-07 1000
2.65e-07 1000
2.655e-07 1000
2.66e-07 1000
2.665e-07 1000
2.67e-07 1000
2.6750000000000003e-07 1000
2.68e-07 1000
2.685e-07 1000
2.69e-07 1000
2.695e-07 1000
2.7e-07 1000
2.705e-07 1000
2.7100000000000003e-07 1000
2.715e-07 1000
2.72e-07 1000
2.725e-07 1000
2.73e-07 1000
2.735e-07 1000
2.74e-07 1000
2.7450000000000003e-07 1000
2.75e-07 1000
2.755e-07 1000
2.7600000000000004e-07 1000
2.765e-07 1000
2.77e-07 1000
2.775e-07 1000
2.7800000000000003e-07 1000
2.785e-07 1000
2.79e-07 1000
2.7950000000000003e-07 1000
2.8e-07 1000
2.805e-07 1000
2.81e-07 1000
2.815e-07 1000
2.82e-07 1000
2.825e-07 1000
2.8300000000000003e-07 1000
2.835e-07 1000
2.84e-07 1000
2.845e-07 1000
2.85e-07 1000
2.855e-07 1000
2.86e-07 1000
2.8650000000000003e-07 1000
2.87e-07 1000
2.875e-07 1000
2.88e-07 1000
2.885e-07 1000
2.89e-07 1000
2.895e-07 1000
2.9000000000000003e-07 1000
2.905e-07 1000
2.91e-07 1000
2.9150000000000004e-07 1000
2.92e-07 1000
2.925e-07 1000
2.93e-07 1000
2.9350000000000003e-07 1000
2.94e-07 1000
2.945e-07 1000
2.9500000000000003e-07 1000
2.955e-07 1000
2.96e-07 1000
2.965e-07 1000
2.97e-07 1000
2.975e-07 1000
2.98e-07 1000
2.9850000000000003e-07 1000
2.99e-07 1000
2.995e-07 1000
3e-07 1000
3.005e-07 1000
3.01e-07 1000
3.015e-07 1000
3.0200000000000003e-07 1000
3.025e-07 1000
3.03e-07 1000
3.035e-07 1000
3.04e-07 1000
3.045e-07 1000
3.05e-07 1000
3.0550000000000003e-07 1000
3.06e-07 1000
3.065e-07 1000
3.0700000000000004e-07 1000
3.075e-07 1000
3.08e-07 1000
3.085e-07 1000
3.0900000000000003e-07 1000
3.095e-07 1000
3.1e-07 1000
3.1050000000000003e-07 1000
3.11e-07 1000
3.115e-07 1000
3.12e-07 1000
3.125e-07 1000
3.13e-07 1000
3.135e-07 1000
3.1400000000000003e-07 1000
3.145e-07 1000
3.15e-07 1000
3.155e-07 1000
3.16e-07 1000
3.165e-07 1000
3.17e-07 1000
3.1750000000000003e-07 1000
3.18e-07 1000
3.185e-07 1000
3.1900000000000004e-07 1000
3.195e-07 1000
3.2e-07 1000
3.205e-07 1000
3.2100000000000003e-07 1000
3.215e-07 1000
3.22e-07 1000
3.2250000000000004e-07 1000
3.23e-07 1000
3.235e-07 1000
3.24e-07 1000
3.2450000000000003e-07 1000
3.25e-07 1000
3.255e-07 1000
3.2600000000000003e-07 1000
3.265e-07 1000
3.27e-07 1000
3.275e-07 1000
3.28e-07 1000
3.285e-07 1000
3.29e-07 1000
3.2950000000000003e-07 1000
3.3e-07 1000
3.305e-07 1000
3.31e-07 1000
3.315e-07 1000
3.32e-07 1000
3.325e-07 1000
3.3300000000000003e-07 1000
3.335e-07 1000
3.34e-07 1000
3.3450000000000004e-07 1000
3.35e-07 1000
3.355e-07 1000
3.36e-07 1000
3.3650000000000003e-07 1000
3.37e-07 1000
3.375e-07 1000
3.3800000000000004e-07 1000
3.385e-07 1000
3.39e-07 1000
3.395e-07 1000
3.4000000000000003e-07 1000
3.405e-07 1000
3.41e-07 1000
3.4150000000000003e-07 1000
3.42e-07 1000
3.425e-07 1000
3.43e-07 1000
3.435e-07 1000
3.44e-07 1000
3.445e-07 1000
3.4500000000000003e-07 1000
3.455e-07 1000
3.46e-07 1000
3.4650000000000004e-07 1000
3.47e-07 1000
3.475e-07 1000
3.48e-07 1000
3.4850000000000003e-07 1000
3.49e-07 1000
3.495e-07 1000
3.5000000000000004e-07 1000
3.505e-07 1000
3.51e-07 1000
3.515e-07 1000
3.5200000000000003e-07 1000
3.525e-07 1000
3.53e-07 1000
3.5350000000000004e-07 1000
3.54e-07 1000
3.545e-07 1000
3.55e-07 1000
3.5550000000000003e-07 1000
3.56e-07 1000
3.565e-07 1000
3.5700000000000003e-07 1000
3.575e-07 1000
3.58e-07 1000
3.585e-07 1000
3.59e-07 1000
3.595e-07 1000
3.6e-07 1000
3.6050000000000003e-07 1000
3.61e-07 1000
3.615e-07 1000
3.6200000000000004e-07 1000
3.625e-07 1000
3.63e-07 1000
3.635e-07 1000
3.6400000000000003e-07 1000
3.645e-07 1000
3.65e-07 1000
3.6550000000000004e-07 1000
3.66e-07 1000
3.665e-07 1000
3.67e-07 1000
3.6750000000000003e-07 1000
3.68e-07 1000
3.685e-07 1000
3.6900000000000004e-07 1000
3.695e-07 1000
3.7e-07 1000
3.705e-07 1000
3.7100000000000003e-07 1000
3.715e-07 1000
3.72e-07 1000
3.7250000000000003e-07 1000
3.73e-07 1000
3.735e-07 1000
3.74e-07 1000
3.745e-07 1000
3.75e-07 1000
3.755e-07 1000
3.7600000000000003e-07 1000
3.765e-07 1000
3.77e-07 1000
3.7750000000000004e-07 1000
3.78e-07 1000
3.785e-07 1000
3.79e-07 1000
3.7950000000000003e-07 1000
3.8e-07 1000
3.805e-07 1000
3.8100000000000004e-07 1000
3.815e-07 1000
3.82e-07 1000
3.825e-07 1000
3.8300000000000003e-07 1000
3.835e-07 1000
3.84e-07 1000
3.8450000000000004e-07 1000
3.85e-07 1000
3.855e-07 1000
3.86e-07 1000
3.865e-07 1000
3.87e-07 1000
3.875e-07 1000
3.8800000000000003e-07 1000
3.885e-07 1000
3.89e-07 1000
3.8950000000000004e-07 1000
3.9e-07 1000
3.905e-07 1000
3.91e-07 1000
3.9150000000000003e-07 1000
3.92e-07 1000
3.925e-07 1000
3.9300000000000004e-07 1000
3.935e-07 1000
3.94e-07 1000
3.945e-07 1000
3.9500000000000003e-07 1000
3.955e-07 1000
3.96e-07 1000
3.9650000000000004e-07 1000
3.97e-07 1000
3.975e-07 1000
3.98e-07 1000
3.9850000000000003e-07 1000
3.99e-07 1000
3.995e-07 1000
4.0000000000000003e-07 1000
4.005e-07 1000
4.01e-07 1000
4.015e-07 1000
4.02e-07 1000
4.025e-07 1000
4.03e-07 1000
4.0350000000000003e-07 1000
4.04e-07 1000
4.045e-07 1000
4.0500000000000004e-07 1000
4.055e-07 1000
4.06e-07 1000
4.065e-07 1000
4.0700000000000003e-07 1000
4.075e-07 1000
4.08e-07 1000
4.0850000000000004e-07 1000
4.09e-07 1000
4.095e-07 1000
4.1e-07 1000
4.1050000000000003e-07 1000
4.11e-07 1000
4.115e-07 1000
4.1200000000000004e-07 1000
4.125e-07 1000
4.13e-07 1000
4.135e-07 1000
4.1400000000000003e-07 1000
4.145e-07 1000
4.15e-07 1000
4.1550000000000003e-07 1000
4.16e-07 1000
4.165e-07 1000
4.1700000000000004e-07 1000
4.175e-07 1000
4.18e-07 1000
4.185e-07 1000
4.1900000000000003e-07 1000
4.195e-07 1000
4.2e-07 1000
4.2050000000000004e-07 1000
4.21e-07 1000
4.215e-07 1000
4.22e-07 1000
4.2250000000000003e-07 1000
4.23e-07 1000
4.235e-07 1000
4.2400000000000004e-07 1000
4.245e-07 1000
4.25e-07 1000
4.255e-07 1000
4.2600000000000003e-07 1000
4.265e-07 1000
4.27e-07 1000
4.2750000000000004e-07 1000
4.28e-07 1000
4.285e-07 1000
4.29e-07 1000
4.2950000000000003e-07 1000
4.3e-07 1000
4.305e-07 1000
4.3100000000000003e-07 1000
4.315e-07 1000
4.32e-07 1000
4.3250000000000004e-07 1000
4.33e-07 1000
4.335e-07 1000
4.34e-07 1000
4.3450000000000003e-07 1000
4.35e-07 1000
4.355e-07 1000
4.3600000000000004e-07 1000
4.365e-07 1000
4.37e-07 1000
4.375e-07 1000
4.3800000000000003e-07 1000
4.385e-07 1000
4.39e-07 1000
4.3950000000000004e-07 1000
4.4e-07 1000
4.405e-07 1000
4.41e-07 1000
4.4150000000000003e-07 1000
4.42e-07 1000
4.425e-07 1000
4.4300000000000004e-07 1000
4.435e-07 1000
4.44e-07 1000
4.445e-07 1000
4.4500000000000003e-07 1000
4.455e-07 1000
4.46e-07 1000
4.4650000000000003e-07 1000
4.47e-07 1000
4.475e-07 1000
4.4800000000000004e-07 1000
4.485e-07 1000
4.49e-07 1000
4.495e-07 1000
4.5000000000000003e-07 1000
4.505e-07 1000
4.51e-07 1000
4.5150000000000004e-07 1000
4.52e-07 1000
4.525e-07 1000
4.53e-07 1000
4.5350000000000003e-07 1000
4.54e-07 1000
4.545e-07 1000
4.5500000000000004e-07 1000
4.555e-07 1000
4.56e-07 1000
4.565e-07 1000
4.5700000000000003e-07 1000
4.575e-07 1000
4.58e-07 1000
4.5850000000000004e-07 1000
4.59e-07 1000
4.595e-07 1000
4.6000000000000004e-07 1000
4.6050000000000003e-07 1000
4.61e-07 1000
4.615e-07 1000
4.6200000000000003e-07 1000
4.625e-07 1000
4.63e-07 1000
4.6350000000000004e-07 1000
4.64e-07 1000
4.645e-07 1000
4.65e-07 1000
4.6550000000000003e-07 1000
4.66e-07 1000
4.665e-07 1000
4.6700000000000004e-07 1000
4.675e-07 1000
4.68e-07 1000
4.685e-07 1000
4.6900000000000003e-07 1000
4.695e-07 1000
4.7e-07 1000
4.7050000000000004e-07 1000
4.71e-07 1000
4.715e-07 1000
4.72e-07 1000
4.7250000000000003e-07 1000
4.73e-07 1000
4.735e-07 1000
4.7400000000000004e-07 1000
4.745e-07 1000
4.75e-07 1000
4.7550000000000004e-07 1000
4.7600000000000003e-07 1000
4.765e-07 1000
4.77e-07 1000
4.775e-07 1000
4.78e-07 1000
4.785000000000001e-07 1000
4.79e-07 1000
4.795e-07 1000
4.800000000000001e-07 1000
4.805e-07 1000
4.81e-07 1000
4.815000000000001e-07 1000
4.82e-07 1000
4.825e-07 1000
4.83e-07 1000
4.835e-07 1000
4.84e-07 1000
4.845e-07 1000
4.85e-07 1000
4.855e-07 1000
4.86e-07 1000
4.865e-07 1000
4.870000000000001e-07 1000
4.875e-07 1000
4.88e-07 1000
4.885000000000001e-07 1000
4.89e-07 1000
4.895e-07 1000
4.9e-07 1000
4.905e-07 1000
4.91e-07 1000
4.915e-07 1000
4.92e-07 1000
4.925e-07 1000
4.93e-07 1000
4.935e-07 1000
4.940000000000001e-07 1000
4.945e-07 1000
4.95e-07 1000
4.955000000000001e-07 1000
4.96e-07 1000
4.965e-07 1000
4.970000000000001e-07 1000
4.975e-07 1000
4.98e-07 1000
4.985e-07 1000
4.99e-07 1000
4.995e-07 1000
5e-07 1000
5.005e-07 1000
5.01e-07 1000
5.015e-07 1000
5.02e-07 1000
5.025000000000001e-07 1000
5.03e-07 1000
5.035e-07 1000
5.040000000000001e-07 1000
5.045e-07 1000
5.05e-07 1000
5.055e-07 1000
5.06e-07 1000
5.065e-07 1000
5.07e-07 1000
5.075e-07 1000
5.08e-07 1000
5.085e-07 1000
5.09e-07 1000
5.095000000000001e-07 1000
5.1e-07 1000
5.105e-07 1000
5.110000000000001e-07 1000
5.115e-07 1000
5.12e-07 1000
5.125000000000001e-07 1000
5.13e-07 1000
5.135e-07 1000
5.14e-07 1000
5.145e-07 1000
5.15e-07 1000
5.155e-07 1000
5.16e-07 1000
5.165e-07 1000
5.17e-07 1000
5.175e-07 1000
5.180000000000001e-07 1000
5.185e-07 1000
5.19e-07 1000
5.195000000000001e-07 1000
5.2e-07 1000
5.205e-07 1000
5.21e-07 1000
5.215e-07 1000
5.22e-07 1000
5.225e-07 1000
5.23e-07 1000
5.235e-07 1000
5.24e-07 1000
5.245e-07 1000
5.250000000000001e-07 1000
5.255e-07 1000
5.26e-07 1000
5.265000000000001e-07 1000
5.27e-07 1000
5.275e-07 1000
5.280000000000001e-07 1000
5.285e-07 1000
5.29e-07 1000
5.295e-07 1000
5.3e-07 1000
5.305e-07 1000
5.31e-07 1000
5.315e-07 1000
5.32e-07 1000
5.325e-07 1000
5.33e-07 1000
5.335000000000001e-07 1000
5.34e-07 1000
5.345e-07 1000
5.350000000000001e-07 1000
5.355e-07 1000
5.36e-07 1000
5.365e-07 1000
5.37e-07 1000
5.375e-07 1000
5.38e-07 1000
5.385e-07 1000
5.39e-07 1000
5.395e-07 1000
5.4e-07 1000
5.405000000000001e-07 1000
5.41e-07 1000
5.415e-07 1000
5.420000000000001e-07 1000
5.425e-07 1000
5.43e-07 1000
5.435000000000001e-07 1000
5.44e-07 1000
5.445e-07 1000
5.45e-07 1000
5.455e-07 1000
5.46e-07 1000
5.465e-07 1000
5.47e-07 1000
5.475e-07 1000
5.48e-07 1000
5.485e-07 1000
5.490000000000001e-07 1000
5.495e-07 1000
5.5e-07 1000
5.505000000000001e-07 1000
5.51e-07 1000
5.515e-07 1000
5.520000000000001e-07 1000
5.525e-07 1000
5.53e-07 1000
5.535e-07 1000
5.54e-07 1000
5.545e-07 1000
5.55e-07 1000
5.555e-07 1000
5.560000000000001e-07 1000
5.565e-07 1000
5.57e-07 1000
5.575000000000001e-07 1000
5.58e-07 1000
5.585e-07 1000
5.590000000000001e-07 1000
5.595e-07 1000
5.6e-07 1000
5.605e-07 1000
5.61e-07 1000
5.615e-07 1000
5.62e-07 1000
5.625e-07 1000
5.63e-07 1000
5.635e-07 1000
5.64e-07 1000
5.645000000000001e-07 1000
5.65e-07 1000
5.655e-07 1000
5.660000000000001e-07 1000
5.665e-07 1000
5.67e-07 1000
5.675000000000001e-07 1000
5.68e-07 1000
5.685e-07 1000
5.69e-07 1000
5.695e-07 1000
5.7e-07 1000
5.705e-07 1000
5.71e-07 1000
5.715000000000001e-07 1000
5.72e-07 1000
5.725e-07 1000
5.730000000000001e-07 1000
5.735e-07 1000
5.74e-07 1000
5.745000000000001e-07 1000
5.75e-07 1000
5.755e-07 1000
5.76e-07 1000
5.765e-07 1000
5.77e-07 1000
5.775e-07 1000
5.78e-07 1000
5.785e-07 1000
5.79e-07 1000
5.795e-07 1000
5.800000000000001e-07 1000
5.805e-07 1000
5.81e-07 1000
5.815000000000001e-07 1000
5.82e-07 1000
5.825e-07 1000
5.830000000000001e-07 1000
5.835e-07 1000
5.84e-07 1000
5.845e-07 1000
5.85e-07 1000
5.855e-07 1000
5.86e-07 1000
5.865e-07 1000
5.870000000000001e-07 1000
5.875e-07 1000
5.88e-07 1000
5.885000000000001e-07 1000
5.89e-07 1000
5.895e-07 1000
5.900000000000001e-07 1000
5.905e-07 1000
5.91e-07 1000
5.915e-07 1000
5.92e-07 1000
5.925e-07 1000
5.93e-07 1000
5.935e-07 1000
5.94e-07 1000
5.945e-07 1000
5.95e-07 1000
5.955000000000001e-07 1000
5.96e-07 1000
5.965e-07 1000
5.970000000000001e-07 1000
5.975e-07 1000
5.98e-07 1000
5.985000000000001e-07 1000
5.99e-07 1000
5.995e-07 1000
6e-07 1000
6.005e-07 1000
6.01e-07 1000
6.015e-07 1000
6.02e-07 1000
6.025000000000001e-07 1000
6.03e-07 1000
6.035e-07 1000
6.040000000000001e-07 1000
6.045e-07 1000
6.05e-07 1000
6.055000000000001e-07 1000
6.06e-07 1000
6.065e-07 1000
6.07e-07 1000
6.075e-07 1000
6.08e-07 1000
6.085e-07 1000
6.09e-07 1000
6.095e-07 1000
6.1e-07 1000
6.105e-07 1000
6.110000000000001e-07 1000
6.115e-07 1000
6.12e-07 1000
6.125000000000001e-07 1000
6.13e-07 1000
6.135e-07 1000
6.140000000000001e-07 1000
6.145e-07 1000
6.15e-07 1000
6.155e-07 1000
6.16e-07 1000
6.165e-07 1000
6.17e-07 1000
6.175e-07 1000
6.180000000000001e-07 1000
6.185e-07 1000
6.19e-07 1000
6.195000000000001e-07 1000
6.2e-07 1000
6.205e-07 1000
6.210000000000001e-07 1000
6.215e-07 1000
6.22e-07 1000
6.225000000000001e-07 1000
6.23e-07 1000
6.235e-07 1000
6.24e-07 1000
6.245e-07 1000
6.25e-07 1000
6.255e-07 1000
6.26e-07 1000
6.265000000000001e-07 1000
6.27e-07 1000
6.275e-07 1000
6.280000000000001e-07 1000
6.285e-07 1000
6.29e-07 1000
6.295000000000001e-07 1000
6.3e-07 1000
6.305e-07 1000
6.31e-07 1000
6.315e-07 1000
6.32e-07 1000
6.325e-07 1000
6.33e-07 1000
6.335000000000001e-07 1000
6.34e-07 1000
6.345e-07 1000
6.350000000000001e-07 1000
6.355e-07 1000
6.36e-07 1000
6.365000000000001e-07 1000
6.37e-07 1000
6.375e-07 1000
6.380000000000001e-07 1000
6.385e-07 1000
6.39e-07 1000
6.395e-07 1000
6.4e-07 1000
6.405e-07 1000
6.41e-07 1000
6.415e-07 1000
6.420000000000001e-07 1000
6.425e-07 1000
6.43e-07 1000
6.435000000000001e-07 1000
6.44e-07 1000
6.445e-07 1000
6.450000000000001e-07 1000
6.455e-07 1000
6.46e-07 1000
6.465e-07 1000
6.47e-07 1000
6.475e-07 1000
6.48e-07 1000
6.485e-07 1000
6.490000000000001e-07 1000
6.495e-07 1000
6.5e-07 1000
6.505000000000001e-07 1000
6.51e-07 1000
6.515e-07 1000
6.520000000000001e-07 1000
6.525e-07 1000
6.53e-07 1000
6.535000000000001e-07 1000
6.54e-07 1000
6.545e-07 1000
6.55e-07 1000
6.555e-07 1000
6.56e-07 1000
6.565e-07 1000
6.57e-07 1000
6.575000000000001e-07 1000
6.58e-07 1000
6.585e-07 1000
6.590000000000001e-07 1000
6.595e-07 1000
6.6e-07 1000
6.605000000000001e-07 1000
6.61e-07 1000
6.615e-07 1000
6.62e-07 1000
6.625e-07 1000
6.63e-07 1000
6.635e-07 1000
6.64e-07 1000
6.645000000000001e-07 1000
6.65e-07 1000
6.655e-07 1000
6.660000000000001e-07 1000
6.665e-07 1000
6.67e-07 1000
6.675000000000001e-07 1000
6.68e-07 1000
6.685e-07 1000
6.690000000000001e-07 1000
6.695e-07 1000
6.7e-07 1000
6.705e-07 1000
6.71e-07 1000
6.715e-07 1000
6.72e-07 1000
6.725e-07 1000
6.730000000000001e-07 1000
6.735e-07 1000
6.74e-07 1000
6.745000000000001e-07 1000
6.75e-07 1000
6.755e-07 1000
6.760000000000001e-07 1000
6.765e-07 1000
6.77e-07 1000
6.775e-07 1000
6.78e-07 1000
6.785e-07 1000
6.79e-07 1000
6.795e-07 1000
6.800000000000001e-07 1000
6.805e-07 1000
6.81e-07 1000
6.815000000000001e-07 1000
6.82e-07 1000
6.825e-07 1000
6.830000000000001e-07 1000
6.835e-07 1000
6.84e-07 1000
6.845000000000001e-07 1000
6.85e-07 1000
6.855e-07 1000
6.86e-07 1000
6.865e-07 1000
6.87e-07 1000
6.875e-07 1000
6.88e-07 1000
6.885000000000001e-07 1000
6.89e-07 1000
6.895e-07 1000
6.900000000000001e-07 1000
6.905e-07 1000
6.91e-07 1000
6.915000000000001e-07 1000
6.92e-07 1000
6.925e-07 1000
6.930000000000001e-07 1000
6.935e-07 1000
6.94e-07 1000
6.945e-07 1000
6.95e-07 1000
6.955000000000001e-07 1000
6.96e-07 1000
6.965e-07 1000
6.970000000000001e-07 1000
6.975e-07 1000
6.98e-07 1000
6.985000000000001e-07 1000
6.99e-07 1000
6.995e-07 1000
7.000000000000001e-07 1000
7.005e-07 1000
7.01e-07 1000
7.015e-07 1000
7.02e-07 1000
7.025e-07 1000
7.03e-07 1000
7.035e-07 1000
7.040000000000001e-07 1000
7.045e-07 1000
7.05e-07 1000
7.055000000000001e-07 1000
7.06e-07 1000
7.065e-07 1000
7.070000000000001e-07 1000
7.075e-07 1000
7.08e-07 1000
7.085000000000001e-07 1000
7.09e-07 1000
7.095e-07 1000
7.1e-07 1000
7.105e-07 1000
7.110000000000001e-07 1000
7.115e-07 1000
7.12e-07 1000
7.125000000000001e-07 1000
7.13e-07 1000
7.135e-07 1000
7.140000000000001e-07 1000
7.145e-07 1000
7.15e-07 1000
7.155000000000001e-07 1000
7.16e-07 1000
7.165e-07 1000
7.17e-07 1000
7.175e-07 1000
7.18e-07 1000
7.185e-07 1000
7.19e-07 1000
7.195000000000001e-07 1000
7.2e-07 1000
7.205e-07 1000
7.210000000000001e-07 1000
7.215e-07 1000
7.22e-07 1000
7.225000000000001e-07 1000
7.23e-07 1000
7.235e-07 1000
7.240000000000001e-07 1000
7.245e-07 1000
7.25e-07 1000
7.255e-07 1000
7.26e-07 1000
7.265000000000001e-07 1000
7.27e-07 1000
7.275e-07 1000
7.280000000000001e-07 1000
7.285e-07 1000
7.29e-07 1000
7.295000000000001e-07 1000
7.3e-07 1000
7.305e-07 1000
7.310000000000001e-07 1000
7.315e-07 1000
7.32e-07 1000
7.325e-07 1000
7.33e-07 1000
7.335e-07 1000
7.34e-07 1000
7.345e-07 1000
7.350000000000001e-07 1000
7.355e-07 1000
7.36e-07 1000
7.365000000000001e-07 1000
7.37e-07 1000
7.375e-07 1000
7.380000000000001e-07 1000
7.385e-07 1000
7.39e-07 1000
7.395000000000001e-07 1000
7.4e-07 1000
7.405e-07 1000
7.41e-07 1000
7.415e-07 1000
7.420000000000001e-07 1000
7.425e-07 1000
7.43e-07 1000
7.435000000000001e-07 1000
7.44e-07 1000
7.445e-07 1000
7.450000000000001e-07 1000
7.455e-07 1000
7.46e-07 1000
7.465000000000001e-07 1000
7.47e-07 1000
7.475e-07 1000
7.48e-07 1000
7.485e-07 1000
7.49e-07 1000
7.495e-07 1000
7.5e-07 1000
7.505000000000001e-07 1000
7.51e-07 1000
7.515e-07 1000
7.520000000000001e-07 1000
7.525e-07 1000
7.53e-07 1000
7.535000000000001e-07 1000
7.54e-07 1000
7.545e-07 1000
7.550000000000001e-07 1000
7.555e-07 1000
7.56e-07 1000
7.565e-07 1000
7.57e-07 1000
7.575000000000001e-07 1000
7.58e-07 1000
7.585e-07 1000
7.590000000000001e-07 1000
7.595e-07 1000
7.6e-07 1000
7.605000000000001e-07 1000
7.61e-07 1000
7.615e-07 1000
7.620000000000001e-07 1000
7.625e-07 1000
7.63e-07 1000
7.635000000000001e-07 1000
7.64e-07 1000
7.645e-07 1000
7.65e-07 1000
7.655e-07 1000
7.660000000000001e-07 1000
7.665e-07 1000
7.67e-07 1000
7.675000000000001e-07 1000
7.68e-07 1000
7.685e-07 1000
7.690000000000001e-07 1000
7.695e-07 1000
7.7e-07 1000
7.705000000000001e-07 1000
7.71e-07 1000
7.715e-07 1000
7.72e-07 1000
7.725e-07 1000
7.73e-07 1000
7.735e-07 1000
7.74e-07 1000
7.745000000000001e-07 1000
7.75e-07 1000
7.755e-07 1000
7.760000000000001e-07 1000
7.765e-07 1000
7.77e-07 1000
7.775000000000001e-07 1000
7.78e-07 1000
7.785e-07 1000
7.790000000000001e-07 1000
7.795e-07 1000
7.8e-07 1000
7.805e-07 1000
7.81e-07 1000
7.815000000000001e-07 1000
7.82e-07 1000
7.825e-07 1000
7.830000000000001e-07 1000
7.835e-07 1000
7.84e-07 1000
7.845000000000001e-07 1000
7.85e-07 1000
7.855e-07 1000
7.860000000000001e-07 1000
7.865e-07 1000
7.87e-07 1000
7.875e-07 1000
7.88e-07 1000
7.885e-07 1000
7.89e-07 1000
7.895e-07 1000
7.900000000000001e-07 1000
7.905e-07 1000
7.91e-07 1000
7.915000000000001e-07 1000
7.92e-07 1000
7.925e-07 1000
7.930000000000001e-07 1000
7.935e-07 1000
7.94e-07 1000
7.945000000000001e-07 1000
7.95e-07 1000
7.955e-07 1000
7.96e-07 1000
7.965e-07 1000
7.970000000000001e-07 1000
7.975e-07 1000
7.98e-07 1000
7.985000000000001e-07 1000
7.99e-07 1000
7.995e-07 1000
8.000000000000001e-07 1000
8.005e-07 1000
8.01e-07 1000
8.015000000000001e-07 1000
8.02e-07 1000
8.025e-07 1000
8.03e-07 1000
8.035e-07 1000
8.04e-07 1000
8.045e-07 1000
8.05e-07 1000
8.055000000000001e-07 1000
8.06e-07 1000
8.065e-07 1000
8.070000000000001e-07 1000
8.075e-07 1000
8.08e-07 1000
8.085000000000001e-07 1000
8.09e-07 1000
8.095e-07 1000
8.100000000000001e-07 1000
8.105e-07 1000
8.11e-07 1000
8.115e-07 1000
8.12e-07 1000
8.125000000000001e-07 1000
8.13e-07 1000
8.135e-07 1000
8.140000000000001e-07 1000
8.145e-07 1000
8.15e-07 1000
8.155000000000001e-07 1000
8.16e-07 1000
8.165e-07 1000
8.170000000000001e-07 1000
8.175e-07 1000
8.18e-07 1000
8.185e-07 1000
8.19e-07 1000
8.195e-07 1000
8.2e-07 1000
8.205e-07 1000
8.210000000000001e-07 1000
8.215e-07 1000
8.22e-07 1000
8.225000000000001e-07 1000
8.23e-07 1000
8.235e-07 1000
8.240000000000001e-07 1000
8.245e-07 1000
8.25e-07 1000
8.255000000000001e-07 1000
8.26e-07 1000
8.265e-07 1000
8.27e-07 1000
8.275e-07 1000
8.280000000000001e-07 1000
8.285e-07 1000
8.29e-07 1000
8.295000000000001e-07 1000
8.3e-07 1000
8.305e-07 1000
8.310000000000001e-07 1000
8.315e-07 1000
8.32e-07 1000
8.325000000000001e-07 1000
8.33e-07 1000
8.335e-07 1000
8.340000000000001e-07 1000
8.345e-07 1000
8.35e-07 1000
8.355e-07 1000
8.36e-07 1000
8.365000000000001e-07 1000
8.37e-07 1000
8.375e-07 1000
8.380000000000001e-07 1000
8.385e-07 1000
8.39e-07 1000
8.395000000000001e-07 1000
8.4e-07 1000
8.405e-07 1000
8.410000000000001e-07 1000
8.415e-07 1000
8.42e-07 1000
8.425e-07 1000
8.43e-07 1000
8.435000000000001e-07 1000
8.44e-07 1000
8.445e-07 1000
8.450000000000001e-07 1000
8.455e-07 1000
8.46e-07 1000
8.465000000000001e-07 1000
8.47e-07 1000
8.475e-07 1000
8.480000000000001e-07 1000
8.485e-07 1000
8.49e-07 1000
8.495000000000001e-07 1000
8.5e-07 1000
8.505e-07 1000
8.51e-07 1000
8.515e-07 1000
8.520000000000001e-07 1000
8.525e-07 1000
8.53e-07 1000
8.535000000000001e-07 1000
8.54e-07 1000
8.545e-07 1000
8.550000000000001e-07 1000
8.555e-07 1000
8.56e-07 1000
8.565000000000001e-07 1000
8.57e-07 1000
8.575e-07 1000
8.58e-07 1000
8.585e-07 1000
8.590000000000001e-07 1000
8.595e-07 1000
8.6e-07 1000
8.605000000000001e-07 1000
8.61e-07 1000
8.615e-07 1000
8.620000000000001e-07 1000
8.625e-07 1000
8.63e-07 1000
8.635000000000001e-07 1000
8.64e-07 1000
8.645e-07 1000
8.650000000000001e-07 1000
8.655e-07 1000
8.66e-07 1000
8.665e-07 1000
8.67e-07 1000
8.675000000000001e-07 1000
8.68e-07 1000
8.685e-07 1000
8.690000000000001e-07 1000
8.695e-07 1000
8.7e-07 1000
8.705000000000001e-07 1000
8.71e-07 1000
8.715e-07 1000
8.720000000000001e-07 1000
8.725e-07 1000
8.73e-07 1000
8.735e-07 1000
8.74e-07 1000
8.745000000000001e-07 1000
8.75e-07 1000
8.755e-07 1000
8.760000000000001e-07 1000
8.765e-07 1000
8.77e-07 1000
8.775000000000001e-07 1000
8.78e-07 1000
8.785e-07 1000
8.790000000000001e-07 1000
8.795e-07 1000
8.8e-07 1000
8.805000000000001e-07 1000
8.81e-07 1000
8.815e-07 1000
8.82e-07 1000
8.825e-07 1000
8.830000000000001e-07 1000
8.835e-07 1000
8.84e-07 1000
8.845000000000001e-07 1000
8.85e-07 1000
8.855e-07 1000
8.860000000000001e-07 1000
8.865e-07 1000
8.87e-07 1000
8.875000000000001e-07 1000
8.88e-07 1000
8.885e-07 1000
8.89e-07 1000
8.895e-07 1000
8.900000000000001e-07 1000
8.905e-07 1000
8.91e-07 1000
8.915000000000001e-07 1000
8.92e-07 1000
8.925e-07 1000
8.930000000000001e-07 1000
8.935e-07 1000
8.94e-07 1000
8.945000000000001e-07 1000
8.95e-07 1000
8.955e-07 1000
8.960000000000001e-07 1000
8.965e-07 1000
8.97e-07 1000
8.975e-07 1000
8.98e-07 1000
8.985000000000001e-07 1000
8.99e-07 1000
8.995e-07 1000
9.000000000000001e-07 1000
9.005e-07 1000
9.01e-07 1000
9.015000000000001e-07 1000
9.02e-07 1000
9.025e-07 1000
9.030000000000001e-07 1000
9.035e-07 1000
9.04e-07 1000
9.045000000000001e-07 1000
9.05e-07 1000
9.055000000000001e-07 1000
9.06e-07 1000
9.065e-07 1000
9.070000000000001e-07 1000
9.075e-07 1000
9.08e-07 1000
9.085000000000001e-07 1000
9.09e-07 1000
9.095e-07 1000
9.100000000000001e-07 1000
9.105e-07 1000
9.11e-07 1000
9.115000000000001e-07 1000
9.12e-07 1000
9.125e-07 1000
9.13e-07 1000
9.135e-07 1000
9.140000000000001e-07 1000
9.145e-07 1000
9.15e-07 1000
9.155000000000001e-07 1000
9.16e-07 1000
9.165e-07 1000
9.170000000000001e-07 1000
9.175e-07 1000
9.18e-07 1000
9.185000000000001e-07 1000
9.19e-07 1000
9.195e-07 1000
9.200000000000001e-07 1000
9.205e-07 1000
9.210000000000001e-07 1000
9.215e-07 1000
9.22e-07 1000
9.225000000000001e-07 1000
9.23e-07 1000
9.235e-07 1000
9.240000000000001e-07 1000
9.245e-07 1000
9.25e-07 1000
9.255000000000001e-07 1000
9.26e-07 1000
9.265e-07 1000
9.270000000000001e-07 1000
9.275e-07 1000
9.28e-07 1000
9.285e-07 1000
9.29e-07 1000
9.295000000000001e-07 1000
9.3e-07 1000
9.305e-07 1000
9.310000000000001e-07 1000
9.315e-07 1000
9.32e-07 1000
9.325000000000001e-07 1000
9.33e-07 1000
9.335e-07 1000
9.340000000000001e-07 1000
9.345e-07 1000
9.35e-07 1000
9.355000000000001e-07 1000
9.36e-07 1000
9.365000000000001e-07 1000
9.37e-07 1000
9.375e-07 1000
9.380000000000001e-07 1000
9.385e-07 1000
9.39e-07 1000
9.395000000000001e-07 1000
9.4e-07 1000
9.405e-07 1000
9.410000000000001e-07 1000
9.415e-07 1000
9.42e-07 1000
9.425000000000001e-07 1000
9.43e-07 1000
9.435e-07 1000
9.44e-07 1000
9.445e-07 1000
9.450000000000001e-07 1000
9.455e-07 1000
9.46e-07 1000
9.465000000000001e-07 1000
9.47e-07 1000
9.475e-07 1000
9.480000000000001e-07 1000
9.485e-07 1000
9.49e-07 1000
9.495000000000001e-07 1000
9.5e-07 1000
9.505e-07 1000
9.510000000000001e-07 1000
9.515e-07 1000
9.520000000000001e-07 1000
9.525e-07 1000
9.53e-07 1000
9.535000000000001e-07 1000
9.54e-07 1000
9.545000000000001e-07 1000
9.55e-07 1000
9.555e-07 1000
9.56e-07 1000
9.565e-07 1000
9.570000000000001e-07 1000
9.575e-07 1000
9.58e-07 1000
9.585e-07 1000
9.59e-07 1000
9.595e-07 1000
9.600000000000001e-07 1000
9.605e-07 1000
9.61e-07 1000
9.615e-07 1000
9.62e-07 1000
9.625e-07 1000
9.630000000000001e-07 1000
9.635e-07 1000
9.64e-07 1000
9.645e-07 1000
9.65e-07 1000
9.655000000000001e-07 1000
9.66e-07 1000
9.665e-07 1000
9.67e-07 1000
9.675e-07 1000
9.68e-07 1000
9.685000000000001e-07 1000
9.69e-07 1000
9.695e-07 1000
9.7e-07 1000
9.705e-07 1000
9.71e-07 1000
9.715e-07 1000
9.72e-07 1000
9.725e-07 1000
9.73e-07 1000
9.735e-07 1000
9.740000000000001e-07 1000
9.745e-07 1000
9.75e-07 1000
9.755e-07 1000
9.76e-07 1000
9.765e-07 1000
9.770000000000001e-07 1000
9.775e-07 1000
9.78e-07 1000
9.785e-07 1000
9.79e-07 1000
9.795000000000001e-07 1000
9.8e-07 1000
9.805e-07 1000
9.81e-07 1000
9.815e-07 1000
9.82e-07 1000
9.825000000000001e-07 1000
9.83e-07 1000
9.835e-07 1000
9.84e-07 1000
9.845e-07 1000
9.85e-07 1000
9.855000000000001e-07 1000
9.86e-07 1000
9.865e-07 1000
9.87e-07 1000
9.875e-07 1000
9.880000000000001e-07 1000
9.885e-07 1000
9.89e-07 1000
9.895e-07 1000
9.9e-07 1000
9.905e-07 1000
9.910000000000001e-07 1000
9.915e-07 1000
9.92e-07 1000
9.925e-07 1000
9.93e-07 1000
9.935e-07 1000
9.940000000000001e-07 1000
9.945e-07 1000
9.95e-07 1000
9.955e-07 1000
9.96e-07 1000
9.965000000000001e-07 1000
9.97e-07 1000
9.975e-07 1000
9.98e-07 1000
9.985e-07 1000
9.99e-07 1000
9.995000000000001e-07 1000
1e-06 1000
1.0005e-06 1000
1.001e-06 1000
1.0015e-06 1000
1.002e-06 1000
1.0025e-06 1000
1.003e-06 1000
1.0035e-06 1000
1.004e-06 1000
1.0045e-06 1000
1.0050000000000001e-06 1000
1.0055e-06 1000
1.006e-06 1000
1.0065e-06 1000
1.007e-06 1000
1.0075e-06 1000
1.0080000000000001e-06 1000
1.0085e-06 1000
1.009e-06 1000
1.0095e-06 1000
1.01e-06 1000
1.0105000000000001e-06 1000
1.011e-06 1000
1.0115e-06 1000
1.012e-06 1000
1.0125e-06 1000
1.013e-06 1000
1.0135000000000001e-06 1000
1.014e-06 1000
1.0145e-06 1000
1.015e-06 1000
1.0155e-06 1000
1.016e-06 1000
1.0165000000000001e-06 1000
1.017e-06 1000
1.0175e-06 1000
1.018e-06 1000
1.0185e-06 1000
1.0190000000000001e-06 1000
1.0195e-06 1000
1.02e-06 1000
1.0205e-06 1000
1.021e-06 1000
1.0215e-06 1000
1.0220000000000001e-06 1000
1.0225e-06 1000
1.023e-06 1000
1.0235e-06 1000
1.024e-06 1000
1.0245e-06 1000
1.0250000000000001e-06 1000
1.0255e-06 1000
1.026e-06 1000
1.0265e-06 1000
1.027e-06 1000
1.0275000000000001e-06 1000
1.028e-06 1000
1.0285e-06 1000
1.029e-06 1000
1.0295e-06 1000
1.03e-06 1000
1.0305000000000001e-06 1000
1.031e-06 1000
1.0315e-06 1000
1.032e-06 1000
1.0325e-06 1000
1.033e-06 1000
1.0335000000000001e-06 1000
1.034e-06 1000
1.0345e-06 1000
1.035e-06 1000
1.0355e-06 1000
1.0360000000000001e-06 1000
1.0365e-06 1000
1.037e-06 1000
1.0375e-06 1000
1.038e-06 1000
1.0385e-06 1000
1.0390000000000001e-06 1000
1.0395e-06 1000
1.04e-06 1000
1.0405e-06 1000
1.041e-06 1000
1.0415000000000001e-06 1000
1.042e-06 1000
1.0425e-06 1000
1.043e-06 1000
1.0435e-06 1000
1.044e-06 1000
1.0445000000000001e-06 1000
1.045e-06 1000
1.0455e-06 1000
1.046e-06 1000
1.0465e-06 1000
1.047e-06 1000
1.0475000000000001e-06 1000
1.048e-06 1000
1.0485e-06 1000
1.049e-06 1000
1.0495e-06 1000
1.0500000000000001e-06 1000
1.0505e-06 1000
1.051e-06 1000
1.0515e-06 1000
1.052e-06 1000
1.0525e-06 1000
1.0530000000000001e-06 1000
1.0535e-06 1000
1.054e-06 1000
1.0545e-06 1000
1.055e-06 1000
1.0555e-06 1000
1.0560000000000001e-06 1000
1.0565e-06 1000
1.057e-06 1000
1.0575e-06 1000
1.058e-06 1000
1.0585000000000001e-06 1000
1.059e-06 1000
1.0595e-06 1000
1.06e-06 1000
1.0605e-06 1000
1.061e-06 1000
1.0615000000000001e-06 1000
1.062e-06 1000
1.0625e-06 1000
1.063e-06 1000
1.0635e-06 1000
1.064e-06 1000
1.0645000000000001e-06 1000
1.065e-06 1000
1.0655e-06 1000
1.066e-06 1000
1.0665e-06 1000
1.0670000000000001e-06 1000
1.0675e-06 1000
1.068e-06 1000
1.0685e-06 1000
1.069e-06 1000
1.0695e-06 1000
1.0700000000000001e-06 1000
1.0705e-06 1000
1.071e-06 1000
1.0715e-06 1000
1.072e-06 1000
1.0725000000000001e-06 1000
1.073e-06 1000
1.0735e-06 1000
1.074e-06 1000
1.0745e-06 1000
1.075e-06 1000
1.0755000000000001e-06 1000
1.076e-06 1000
1.0765e-06 1000
1.077e-06 1000
1.0775e-06 1000
1.078e-06 1000
1.0785000000000001e-06 1000
1.079e-06 1000
1.0795e-06 1000
1.08e-06 1000
1.0805e-06 1000
1.0810000000000001e-06 1000
1.0815e-06 1000
1.082e-06 1000
1.0825e-06 1000
1.083e-06 1000
1.0835e-06 1000
1.0840000000000001e-06 1000
1.0845e-06 1000
1.085e-06 1000
1.0855e-06 1000
1.086e-06 1000
1.0865e-06 1000
1.0870000000000001e-06 1000
1.0875e-06 1000
1.088e-06 1000
1.0885e-06 1000
1.089e-06 1000
1.0895000000000001e-06 1000
1.09e-06 1000
1.0905e-06 1000
1.091e-06 1000
1.0915e-06 1000
1.092e-06 1000
1.0925000000000001e-06 1000
1.093e-06 1000
1.0935e-06 1000
1.094e-06 1000
1.0945e-06 1000
1.095e-06 1000
1.0955000000000001e-06 1000
1.096e-06 1000
1.0965e-06 1000
1.097e-06 1000
1.0975e-06 1000
1.0980000000000001e-06 1000
1.0985e-06 1000
1.099e-06 1000
1.0995e-06 1000
1.1e-06 1000
1.1005e-06 1000
1.1010000000000001e-06 1000
1.1015e-06 1000
1.102e-06 1000
1.1025e-06 1000
1.103e-06 1000
1.1035000000000001e-06 1000
1.1040000000000001e-06 1000
1.1045e-06 1000
1.105e-06 1000
1.1055e-06 1000
1.106e-06 1000
1.1065000000000001e-06 1000
1.107e-06 1000
1.1075e-06 1000
1.108e-06 1000
1.1085e-06 1000
1.109e-06 1000
1.1095000000000001e-06 1000
1.11e-06 1000
1.1105e-06 1000
1.111e-06 1000
1.1115e-06 1000
1.1120000000000001e-06 1000
1.1125e-06 1000
1.113e-06 1000
1.1135e-06 1000
1.114e-06 1000
1.1145e-06 1000
1.1150000000000001e-06 1000
1.1155e-06 1000
1.116e-06 1000
1.1165e-06 1000
1.117e-06 1000
1.1175e-06 1000
1.1180000000000001e-06 1000
1.1185e-06 1000
1.119e-06 1000
1.1195e-06 1000
1.12e-06 1000
1.1205000000000001e-06 1000
1.121e-06 1000
1.1215e-06 1000
1.122e-06 1000
1.1225e-06 1000
1.123e-06 1000
1.1235000000000001e-06 1000
1.124e-06 1000
1.1245e-06 1000
1.125e-06 1000
1.1255e-06 1000
1.126e-06 1000
1.1265000000000001e-06 1000
1.127e-06 1000
1.1275e-06 1000
1.128e-06 1000
1.1285e-06 1000
1.1290000000000001e-06 1000
1.1295e-06 1000
1.13e-06 1000
1.1305e-06 1000
1.131e-06 1000
1.1315e-06 1000
1.1320000000000001e-06 1000
1.1325e-06 1000
1.133e-06 1000
1.1335e-06 1000
1.134e-06 1000
1.1345000000000001e-06 1000
1.1350000000000001e-06 1000
1.1355e-06 1000
1.136e-06 1000
1.1365e-06 1000
1.137e-06 1000
1.1375000000000001e-06 1000
1.138e-06 1000
1.1385e-06 1000
1.139e-06 1000
1.1395e-06 1000
1.14e-06 1000
1.1405000000000001e-06 1000
1.141e-06 1000
1.1415e-06 1000
1.142e-06 1000
1.1425e-06 1000
1.1430000000000001e-06 1000
1.1435e-06 1000
1.144e-06 1000
1.1445e-06 1000
1.145e-06 1000
1.1455e-06 1000
1.1460000000000001e-06 1000
1.1465e-06 1000
1.147e-06 1000
1.1475e-06 1000
1.148e-06 1000
1.1485e-06 1000
1.1490000000000001e-06 1000
1.1495e-06 1000
1.15e-06 1000
1.1505e-06 1000
1.151e-06 1000
1.1515000000000001e-06 1000
1.152e-06 1000
1.1525e-06 1000
1.153e-06 1000
1.1535e-06 1000
1.154e-06 1000
1.1545000000000001e-06 1000
1.155e-06 1000
1.1555e-06 1000
1.156e-06 1000
1.1565e-06 1000
1.157e-06 1000
1.1575000000000001e-06 1000
1.158e-06 1000
1.1585e-06 1000
1.159e-06 1000
1.1595e-06 1000
1.1600000000000001e-06 1000
1.1605e-06 1000
1.161e-06 1000
1.1615e-06 1000
1.162e-06 1000
1.1625e-06 1000
1.1630000000000001e-06 1000
1.1635e-06 1000
1.164e-06 1000
1.1645e-06 1000
1.165e-06 1000
1.1655000000000001e-06 1000
1.1660000000000001e-06 1000
1.1665e-06 1000
1.167e-06 1000
1.1675e-06 1000
1.168e-06 1000
1.1685000000000001e-06 1000
1.169e-06 1000
1.1695e-06 1000
1.17e-06 1000
1.1705e-06 1000
1.171e-06 1000
1.1715000000000001e-06 1000
1.172e-06 1000
1.1725e-06 1000
1.173e-06 1000
1.1735e-06 1000
1.1740000000000001e-06 1000
1.1745000000000001e-06 1000
1.175e-06 1000
1.1755e-06 1000
1.176e-06 1000
1.1765e-06 1000
1.1770000000000001e-06 1000
1.1775e-06 1000
1.178e-06 1000
1.1785e-06 1000
1.179e-06 1000
1.1795e-06 1000
1.1800000000000001e-06 1000
1.1805e-06 1000
1.181e-06 1000
1.1815e-06 1000
1.182e-06 1000
1.1825000000000001e-06 1000
1.183e-06 1000
1.1835e-06 1000
1.184e-06 1000
1.1845e-06 1000
1.185e-06 1000
1.1855000000000001e-06 1000
1.186e-06 1000
1.1865e-06 1000
1.187e-06 1000
1.1875e-06 1000
1.188e-06 1000
1.1885000000000001e-06 1000
1.189e-06 1000
1.1895e-06 1000
1.19e-06 1000
1.1905e-06 1000
1.1910000000000001e-06 1000
1.1915e-06 1000
1.192e-06 1000
1.1925e-06 1000
1.193e-06 1000
1.1935e-06 1000
1.1940000000000001e-06 1000
1.1945e-06 1000
1.195e-06 1000
1.1955e-06 1000
1.196e-06 1000
1.1965000000000001e-06 1000
1.1970000000000001e-06 1000
1.1975e-06 1000
1.198e-06 1000
1.1985e-06 1000
1.199e-06 1000
1.1995000000000001e-06 1000
1.2e-06 1000
1.2005e-06 1000
1.201e-06 1000
1.2015e-06 1000
1.202e-06 1000
1.2025000000000001e-06 1000
1.203e-06 1000
1.2035e-06 1000
1.204e-06 1000
1.2045e-06 1000
1.2050000000000001e-06 1000
1.2055000000000001e-06 1000
1.206e-06 1000
1.2065e-06 1000
1.207e-06 1000
1.2075e-06 1000
1.2080000000000001e-06 1000
1.2085e-06 1000
1.209e-06 1000
1.2095e-06 1000
1.21e-06 1000
1.2105e-06 1000
1.2110000000000001e-06 1000
1.2115e-06 1000
1.212e-06 1000
1.2125e-06 1000
1.213e-06 1000
1.2135000000000001e-06 1000
1.214e-06 1000
1.2145e-06 1000
1.215e-06 1000
1.2155e-06 1000
1.216e-06 1000
1.2165000000000001e-06 1000
1.217e-06 1000
1.2175e-06 1000
1.218e-06 1000
1.2185e-06 1000
1.219e-06 1000
1.2195000000000001e-06 1000
1.22e-06 1000
1.2205e-06 1000
1.221e-06 1000
1.2215e-06 1000
1.2220000000000001e-06 1000
1.2225e-06 1000
1.223e-06 1000
1.2235e-06 1000
1.224e-06 1000
1.2245e-06 1000
1.2250000000000001e-06 1000
1.2255e-06 1000
1.226e-06 1000
1.2265e-06 1000
1.227e-06 1000
1.2275000000000001e-06 1000
1.2280000000000001e-06 1000
1.2285e-06 1000
1.229e-06 1000
1.2295e-06 1000
1.23e-06 1000
1.2305000000000001e-06 1000
1.231e-06 1000
1.2315e-06 1000
1.232e-06 1000
1.2325e-06 1000
1.233e-06 1000
1.2335000000000001e-06 1000
1.234e-06 1000
1.2345e-06 1000
1.235e-06 1000
1.2355e-06 1000
1.2360000000000001e-06 1000
1.2365000000000001e-06 1000
1.237e-06 1000
1.2375e-06 1000
1.238e-06 1000
1.2385e-06 1000
1.2390000000000001e-06 1000
1.2395e-06 1000
1.24e-06 1000
1.2405e-06 1000
1.241e-06 1000
1.2415e-06 1000
1.2420000000000001e-06 1000
1.2425e-06 1000
1.243e-06 1000
1.2435e-06 1000
1.244e-06 1000
1.2445000000000001e-06 1000
1.2450000000000002e-06 1000
1.2455e-06 1000
1.246e-06 1000
1.2465e-06 1000
1.247e-06 1000
1.2475000000000001e-06 1000
1.248e-06 1000
1.2485e-06 1000
1.249e-06 1000
1.2495e-06 1000
1.25e-06 1000
1.2505000000000001e-06 1000
1.251e-06 1000
1.2515e-06 1000
1.252e-06 1000
1.2525e-06 1000
1.2530000000000001e-06 1000
1.2535e-06 1000
1.254e-06 1000
1.2545e-06 1000
1.255e-06 1000
1.2555e-06 1000
1.2560000000000001e-06 1000
1.2565e-06 1000
1.257e-06 1000
1.2575e-06 1000
1.258e-06 1000
1.2585e-06 1000
1.2590000000000001e-06 1000
1.2595e-06 1000
1.26e-06 1000
1.2605e-06 1000
1.261e-06 1000
1.2615000000000001e-06 1000
1.262e-06 1000
1.2625e-06 1000
1.263e-06 1000
1.2635e-06 1000
1.264e-06 1000
1.2645000000000001e-06 1000
1.265e-06 1000
1.2655e-06 1000
1.266e-06 1000
1.2665e-06 1000
1.2670000000000001e-06 1000
1.2675000000000001e-06 1000
1.268e-06 1000
1.2685e-06 1000
1.269e-06 1000
1.2695e-06 1000
1.2700000000000001e-06 1000
1.2705e-06 1000
1.271e-06 1000
1.2715e-06 1000
1.272e-06 1000
1.2725e-06 1000
1.2730000000000001e-06 1000
1.2735e-06 1000
1.274e-06 1000
1.2745e-06 1000
1.275e-06 1000
1.2755000000000001e-06 1000
1.2760000000000001e-06 1000
1.2765e-06 1000
1.277e-06 1000
1.2775e-06 1000
1.278e-06 1000
1.2785000000000001e-06 1000
1.279e-06 1000
1.2795e-06 1000
1.28e-06 1000
1.2805e-06 1000
1.281e-06 1000
1.2815000000000001e-06 1000
1.282e-06 1000
1.2825e-06 1000
1.283e-06 1000
1.2835e-06 1000
1.2840000000000001e-06 1000
1.2845e-06 1000
1.285e-06 1000
1.2855e-06 1000
1.286e-06 1000
1.2865e-06 1000
1.2870000000000001e-06 1000
1.2875e-06 1000
1.288e-06 1000
1.2885e-06 1000
1.289e-06 1000
1.2895e-06 1000
1.2900000000000001e-06 1000
1.2905e-06 1000
1.291e-06 1000
1.2915e-06 1000
1.292e-06 1000
1.2925000000000001e-06 1000
1.293e-06 1000
1.2935e-06 1000
1.294e-06 1000
1.2945e-06 1000
1.295e-06 1000
1.2955000000000001e-06 1000
1.296e-06 1000
1.2965e-06 1000
1.297e-06 1000
1.2975e-06 1000
1.2980000000000001e-06 1000
1.2985000000000001e-06 1000
1.299e-06 1000
1.2995e-06 1000
1.3e-06 1000
1.3005e-06 1000
1.3010000000000001e-06 1000
1.3015e-06 1000
1.302e-06 1000
1.3025e-06 1000
1.303e-06 1000
1.3035e-06 1000
1.3040000000000001e-06 1000
1.3045e-06 1000
1.305e-06 1000
1.3055e-06 1000
1.306e-06 1000
1.3065000000000001e-06 1000
1.3070000000000001e-06 1000
1.3075e-06 1000
1.308e-06 1000
1.3085e-06 1000
1.309e-06 1000
1.3095000000000001e-06 1000
1.31e-06 1000
1.3105e-06 1000
1.311e-06 1000
1.3115e-06 1000
1.312e-06 1000
1.3125000000000001e-06 1000
1.313e-06 1000
1.3135e-06 1000
1.314e-06 1000
1.3145e-06 1000
1.3150000000000001e-06 1000
1.3155000000000002e-06 1000
1.316e-06 1000
1.3165e-06 1000
1.317e-06 1000
1.3175e-06 1000
1.3180000000000001e-06 1000
1.3185e-06 1000
1.319e-06 1000
1.3195e-06 1000
1.32e-06 1000
1.3205e-06 1000
1.3210000000000001e-06 1000
1.3215e-06 1000
1.322e-06 1000
1.3225e-06 1000
1.323e-06 1000
1.3235000000000001e-06 1000
1.324e-06 1000
1.3245e-06 1000
1.325e-06 1000
1.3255e-06 1000
1.326e-06 1000
1.3265000000000001e-06 1000
1.327e-06 1000
1.3275e-06 1000
1.328e-06 1000
1.3285e-06 1000
1.3290000000000001e-06 1000
1.3295000000000001e-06 1000
1.33e-06 1000
1.3305e-06 1000
1.331e-06 1000
1.3315e-06 1000
1.3320000000000001e-06 1000
1.3325e-06 1000
1.333e-06 1000
1.3335e-06 1000
1.334e-06 1000
1.3345e-06 1000
1.3350000000000001e-06 1000
1.3355e-06 1000
1.336e-06 1000
1.3365e-06 1000
1.337e-06 1000
1.3375000000000001e-06 1000
1.3380000000000001e-06 1000
1.3385e-06 1000
1.339e-06 1000
1.3395e-06 1000
1.34e-06 1000
1.3405000000000001e-06 1000
1.341e-06 1000
1.3415e-06 1000
1.342e-06 1000
1.3425e-06 1000
1.343e-06 1000
1.3435000000000001e-06 1000
1.344e-06 1000
1.3445e-06 1000
1.345e-06 1000
1.3455e-06 1000
1.3460000000000001e-06 1000
1.3465000000000002e-06 1000
1.347e-06 1000
1.3475e-06 1000
1.348e-06 1000
1.3485e-06 1000
1.3490000000000001e-06 1000
1.3495e-06 1000
1.35e-06 1000
1.3505e-06 1000
1.351e-06 1000
1.3515e-06 1000
1.3520000000000001e-06 1000
1.3525e-06 1000
1.353e-06 1000
1.3535e-06 1000
1.354e-06 1000
1.3545000000000001e-06 1000
1.355e-06 1000
1.3555e-06 1000
1.356e-06 1000
1.3565e-06 1000
1.357e-06 1000
1.3575000000000001e-06 1000
1.358e-06 1000
1.3585e-06 1000
1.359e-06 1000
1.3595e-06 1000
1.3600000000000001e-06 1000
1.3605000000000001e-06 1000
1.361e-06 1000
1.3615e-06 1000
1.362e-06 1000
1.3625e-06 1000
1.3630000000000001e-06 1000
1.3635e-06 1000
1.364e-06 1000
1.3645e-06 1000
1.365e-06 1000
1.3655e-06 1000
1.3660000000000001e-06 1000
1.3665e-06 1000
1.367e-06 1000
1.3675e-06 1000
1.368e-06 1000
1.3685000000000001e-06 1000
1.3690000000000001e-06 1000
1.3695e-06 1000
1.37e-06 1000
1.3705e-06 1000
1.371e-06 1000
1.3715000000000001e-06 1000
1.372e-06 1000
1.3725e-06 1000
1.373e-06 1000
1.3735e-06 1000
1.374e-06 1000
1.3745000000000001e-06 1000
1.375e-06 1000
1.3755e-06 1000
1.376e-06 1000
1.3765e-06 1000
1.3770000000000001e-06 1000
1.3775000000000002e-06 1000
1.378e-06 1000
1.3785e-06 1000
1.379e-06 1000
1.3795e-06 1000
1.3800000000000001e-06 1000
1.3805e-06 1000
1.381e-06 1000
1.3815e-06 1000
1.382e-06 1000
1.3825e-06 1000
1.3830000000000001e-06 1000
1.3835e-06 1000
1.384e-06 1000
1.3845e-06 1000
1.385e-06 1000
1.3855000000000001e-06 1000
1.3860000000000002e-06 1000
1.3865e-06 1000
1.387e-06 1000
1.3875e-06 1000
1.388e-06 1000
1.3885000000000001e-06 1000
1.389e-06 1000
1.3895e-06 1000
1.39e-06 1000
1.3905e-06 1000
1.3910000000000001e-06 1000
1.3915000000000001e-06 1000
1.392e-06 1000
1.3925e-06 1000
1.393e-06 1000
1.3935e-06 1000
1.3940000000000001e-06 1000
1.3945e-06 1000
1.395e-06 1000
1.3955e-06 1000
1.396e-06 1000
1.3965e-06 1000
1.3970000000000001e-06 1000
1.3975e-06 1000
1.398e-06 1000
1.3985e-06 1000
1.399e-06 1000
1.3995000000000001e-06 1000
1.4000000000000001e-06 1000
1.4005e-06 1000
1.401e-06 1000
1.4015e-06 1000
1.402e-06 1000
1.4025000000000001e-06 1000
1.403e-06 1000
1.4035e-06 1000
1.404e-06 1000
1.4045e-06 1000
1.405e-06 1000
1.4055000000000001e-06 1000
1.406e-06 1000
1.4065e-06 1000
1.407e-06 1000
1.4075e-06 1000
1.4080000000000001e-06 1000
1.4085000000000002e-06 1000
1.409e-06 1000
1.4095e-06 1000
1.41e-06 1000
1.4105e-06 1000
1.4110000000000001e-06 1000
1.4115e-06 1000
1.412e-06 1000
1.4125e-06 1000
1.413e-06 1000
1.4135e-06 1000
1.4140000000000001e-06 1000
1.4145e-06 1000
1.415e-06 1000
1.4155e-06 1000
1.416e-06 1000
1.4165000000000001e-06 1000
1.4170000000000002e-06 1000
1.4175e-06 1000
1.418e-06 1000
1.4185e-06 1000
1.419e-06 1000
1.4195000000000001e-06 1000
1.42e-06 1000
1.4205e-06 1000
1.421e-06 1000
1.4215e-06 1000
1.4220000000000001e-06 1000
1.4225000000000001e-06 1000
1.423e-06 1000
1.4235e-06 1000
1.424e-06 1000
1.4245e-06 1000
1.4250000000000001e-06 1000
1.4255e-06 1000
1.426e-06 1000
1.4265e-06 1000
1.427e-06 1000
1.4275e-06 1000
1.4280000000000001e-06 1000
1.4285e-06 1000
1.429e-06 1000
1.4295e-06 1000
1.43e-06 1000
1.4305000000000001e-06 1000
1.4310000000000001e-06 1000
1.4315e-06 1000
1.432e-06 1000
1.4325e-06 1000
1.433e-06 1000
1.4335000000000001e-06 1000
1.434e-06 1000
1.4345e-06 1000
1.435e-06 1000
1.4355e-06 1000
1.436e-06 1000
1.4365000000000001e-06 1000
1.437e-06 1000
1.4375e-06 1000
1.438e-06 1000
1.4385e-06 1000
1.4390000000000001e-06 1000
1.4395000000000002e-06 1000
1.44e-06 1000
1.4405e-06 1000
1.441e-06 1000
1.4415e-06 1000
1.4420000000000001e-06 1000
1.4425e-06 1000
1.443e-06 1000
1.4435e-06 1000
1.444e-06 1000
1.4445e-06 1000
1.4450000000000001e-06 1000
1.4455e-06 1000
1.446e-06 1000
1.4465e-06 1000
1.447e-06 1000
1.4475000000000001e-06 1000
1.4480000000000002e-06 1000
1.4485e-06 1000
1.449e-06 1000
1.4495e-06 1000
1.45e-06 1000
1.4505000000000001e-06 1000
1.451e-06 1000
1.4515e-06 1000
1.452e-06 1000
1.4525e-06 1000
1.4530000000000001e-06 1000
1.4535000000000001e-06 1000
1.454e-06 1000
1.4545e-06 1000
1.455e-06 1000
1.4555e-06 1000
1.4560000000000001e-06 1000
1.4565000000000002e-06 1000
1.457e-06 1000
1.4575e-06 1000
1.458e-06 1000
1.4585e-06 1000
1.4590000000000001e-06 1000
1.4595e-06 1000
1.46e-06 1000
1.4605e-06 1000
1.461e-06 1000
1.4615000000000001e-06 1000
1.4620000000000001e-06 1000
1.4625e-06 1000
1.463e-06 1000
1.4635e-06 1000
1.464e-06 1000
1.4645000000000001e-06 1000
1.465e-06 1000
1.4655e-06 1000
1.466e-06 1000
1.4665e-06 1000
1.467e-06 1000
1.4675000000000001e-06 1000
1.468e-06 1000
1.4685e-06 1000
1.469e-06 1000
1.4695e-06 1000
1.4700000000000001e-06 1000
1.4705000000000002e-06 1000
1.471e-06 1000
1.4715e-06 1000
1.472e-06 1000
1.4725e-06 1000
1.4730000000000001e-06 1000
1.4735e-06 1000
1.474e-06 1000
1.4745e-06 1000
1.475e-06 1000
1.4755e-06 1000
1.4760000000000001e-06 1000
1.4765e-06 1000
1.477e-06 1000
1.4775e-06 1000
1.478e-06 1000
1.4785000000000001e-06 1000
1.4790000000000002e-06 1000
1.4795e-06 1000
1.48e-06 1000
1.4805e-06 1000
1.481e-06 1000
1.4815000000000001e-06 1000
1.482e-06 1000
1.4825e-06 1000
1.483e-06 1000
1.4835e-06 1000
1.4840000000000001e-06 1000
1.4845000000000001e-06 1000
1.485e-06 1000
1.4855e-06 1000
1.486e-06 1000
1.4865e-06 1000
1.4870000000000001e-06 1000
1.4875000000000002e-06 1000
1.488e-06 1000
1.4885e-06 1000
1.489e-06 1000
1.4895e-06 1000
1.4900000000000001e-06 1000
1.4905e-06 1000
1.491e-06 1000
1.4915e-06 1000
1.492e-06 1000
1.4925000000000001e-06 1000
1.4930000000000001e-06 1000
1.4935e-06 1000
1.494e-06 1000
1.4945e-06 1000
1.495e-06 1000
1.4955000000000001e-06 1000
1.496e-06 1000
1.4965e-06 1000
1.497e-06 1000
1.4975e-06 1000
1.498e-06 1000
1.4985000000000001e-06 1000
1.499e-06 1000
1.4995e-06 1000
1.5e-06 1000
1.5005e-06 1000
1.5010000000000001e-06 1000
1.5015000000000002e-06 1000
1.502e-06 1000
1.5025e-06 1000
1.503e-06 1000
1.5035e-06 1000
1.5040000000000001e-06 1000
1.5045e-06 1000
1.505e-06 1000
1.5055e-06 1000
1.506e-06 1000
1.5065e-06 1000
1.5070000000000001e-06 1000
1.5075e-06 1000
1.508e-06 1000
1.5085e-06 1000
1.509e-06 1000
1.5095000000000001e-06 1000
1.5100000000000002e-06 1000
1.5105e-06 1000
1.511e-06 1000
1.5115e-06 1000
1.512e-06 1000
1.5125000000000001e-06 1000
1.513e-06 1000
1.5135e-06 1000
1.514e-06 1000
1.5145e-06 1000
1.5150000000000001e-06 1000
1.5155000000000001e-06 1000
1.516e-06 1000
1.5165e-06 1000
1.517e-06 1000
1.5175e-06 1000
1.5180000000000001e-06 1000
1.5185000000000002e-06 1000
1.519e-06 1000
1.5195e-06 1000
1.52e-06 1000
1.5205e-06 1000
1.5210000000000001e-06 1000
1.5215e-06 1000
1.522e-06 1000
1.5225e-06 1000
1.523e-06 1000
1.5235000000000001e-06 1000
1.5240000000000001e-06 1000
1.5245e-06 1000
1.525e-06 1000
1.5255e-06 1000
1.526e-06 1000
1.5265000000000001e-06 1000
1.5270000000000002e-06 1000
1.5275e-06 1000
1.528e-06 1000
1.5285e-06 1000
1.529e-06 1000
1.5295000000000001e-06 1000
1.53e-06 1000
1.5305e-06 1000
1.531e-06 1000
1.5315e-06 1000
1.5320000000000001e-06 1000
1.5325000000000002e-06 1000
1.533e-06 1000
1.5335e-06 1000
1.534e-06 1000
1.5345e-06 1000
1.5350000000000001e-06 1000
1.5355e-06 1000
1.536e-06 1000
1.5365e-06 1000
1.537e-06 1000
1.5375e-06 1000
1.5380000000000001e-06 1000
1.5385e-06 1000
1.539e-06 1000
1.5395e-06 1000
1.54e-06 1000
1.5405000000000001e-06 1000
1.5410000000000002e-06 1000
1.5415e-06 1000
1.542e-06 1000
1.5425e-06 1000
1.543e-06 1000
1.5435000000000001e-06 1000
1.544e-06 1000
1.5445e-06 1000
1.545e-06 1000
1.5455e-06 1000
1.546e-06 1000
1.5465000000000001e-06 1000
1.547e-06 1000
1.5475e-06 1000
1.548e-06 1000
1.5485e-06 1000
1.5490000000000001e-06 1000
1.5495000000000002e-06 1000
1.55e-06 1000
1.5505e-06 1000
1.551e-06 1000
1.5515e-06 1000
1.5520000000000001e-06 1000
1.5525e-06 1000
1.553e-06 1000
1.5535e-06 1000
1.554e-06 1000
1.5545000000000001e-06 1000
1.5550000000000001e-06 1000
1.5555e-06 1000
1.556e-06 1000
1.5565e-06 1000
1.557e-06 1000
1.5575000000000001e-06 1000
1.5580000000000002e-06 1000
1.5585e-06 1000
1.559e-06 1000
1.5595e-06 1000
1.56e-06 1000
1.5605000000000001e-06 1000
1.561e-06 1000
1.5615e-06 1000
1.562e-06 1000
1.5625e-06 1000
1.5630000000000001e-06 1000
1.5635000000000002e-06 1000
1.564e-06 1000
1.5645e-06 1000
1.565e-06 1000
1.5655e-06 1000
1.5660000000000001e-06 1000
1.5665e-06 1000
1.567e-06 1000
1.5675e-06 1000
1.568e-06 1000
1.5685e-06 1000
1.5690000000000001e-06 1000
1.5695e-06 1000
1.57e-06 1000
1.5705e-06 1000
1.571e-06 1000
1.5715000000000001e-06 1000
1.5720000000000002e-06 1000
1.5725e-06 1000
1.573e-06 1000
1.5735e-06 1000
1.574e-06 1000
1.5745000000000001e-06 1000
1.575e-06 1000
1.5755e-06 1000
1.576e-06 1000
1.5765e-06 1000
1.577e-06 1000
1.5775000000000001e-06 1000
1.578e-06 1000
1.5785e-06 1000
1.579e-06 1000
1.5795e-06 1000
1.5800000000000001e-06 1000
1.5805000000000002e-06 1000
1.581e-06 1000
1.5815e-06 1000
1.582e-06 1000
1.5825e-06 1000
1.5830000000000001e-06 1000
1.5835e-06 1000
1.584e-06 1000
1.5845e-06 1000
1.585e-06 1000
1.5855000000000001e-06 1000
1.5860000000000001e-06 1000
1.5865e-06 1000
1.587e-06 1000
1.5875e-06 1000
1.588e-06 1000
1.5885000000000001e-06 1000
1.5890000000000002e-06 1000
1.5895e-06 1000
1.59e-06 1000
1.5905e-06 1000
1.591e-06 1000
1.5915000000000001e-06 1000
1.592e-06 1000
1.5925e-06 1000
1.593e-06 1000
1.5935e-06 1000
1.5940000000000001e-06 1000
1.5945000000000001e-06 1000
1.595e-06 1000
1.5955e-06 1000
1.596e-06 1000
1.5965e-06 1000
1.5970000000000001e-06 1000
1.5975000000000002e-06 1000
1.598e-06 1000
1.5985e-06 1000
1.599e-06 1000
1.5995e-06 1000
1.6000000000000001e-06 1000
1.6005e-06 1000
1.601e-06 1000
1.6015e-06 1000
1.602e-06 1000
1.6025000000000001e-06 1000
1.6030000000000002e-06 1000
1.6035e-06 1000
1.604e-06 1000
1.6045e-06 1000
1.605e-06 1000
1.6055000000000001e-06 1000
1.606e-06 1000
1.6065e-06 1000
1.607e-06 1000
1.6075e-06 1000
1.608e-06 1000
1.6085000000000001e-06 1000
1.609e-06 1000
1.6095e-06 1000
1.61e-06 1000
1.6105e-06 1000
1.6110000000000001e-06 1000
1.6115000000000002e-06 1000
1.612e-06 1000
1.6125e-06 1000
1.613e-06 1000
1.6135e-06 1000
1.6140000000000001e-06 1000
1.6145e-06 1000
1.615e-06 1000
1.6155e-06 1000
1.616e-06 1000
1.6165000000000001e-06 1000
1.6170000000000001e-06 1000
1.6175e-06 1000
1.618e-06 1000
1.6185e-06 1000
1.619e-06 1000
1.6195000000000001e-06 1000
1.6200000000000002e-06 1000
1.6205e-06 1000
1.621e-06 1000
1.6215e-06 1000
1.622e-06 1000
1.6225000000000001e-06 1000
1.623e-06 1000
1.6235e-06 1000
1.624e-06 1000
1.6245e-06 1000
1.6250000000000001e-06 1000
1.6255000000000001e-06 1000
1.626e-06 1000
1.6265e-06 1000
1.627e-06 1000
1.6275e-06 1000
1.6280000000000001e-06 1000
1.6285000000000002e-06 1000
1.629e-06 1000
1.6295e-06 1000
1.63e-06 1000
1.6305e-06 1000
1.6310000000000001e-06 1000
1.6315e-06 1000
1.632e-06 1000
1.6325e-06 1000
1.633e-06 1000
1.6335000000000001e-06 1000
1.6340000000000002e-06 1000
1.6345e-06 1000
1.635e-06 1000
1.6355e-06 1000
1.636e-06 1000
1.6365000000000001e-06 1000
1.637e-06 1000
1.6375e-06 1000
1.638e-06 1000
1.6385e-06 1000
1.639e-06 1000
1.6395000000000001e-06 1000
1.64e-06 1000
1.6405e-06 1000
1.641e-06 1000
1.6415e-06 1000
1.6420000000000001e-06 1000
1.6425000000000002e-06 1000
1.643e-06 1000
1.6435e-06 1000
1.644e-06 1000
1.6445e-06 1000
1.6450000000000001e-06 1000
1.6455e-06 1000
1.646e-06 1000
1.6465e-06 1000
1.647e-06 1000
1.6475000000000001e-06 1000
1.6480000000000001e-06 1000
1.6485e-06 1000
1.649e-06 1000
1.6495e-06 1000
1.65e-06 1000
1.6505000000000001e-06 1000
1.6510000000000002e-06 1000
1.6515e-06 1000
1.652e-06 1000
1.6525e-06 1000
1.653e-06 1000
1.6535000000000001e-06 1000
1.654e-06 1000
1.6545e-06 1000
1.655e-06 1000
1.6555e-06 1000
1.6560000000000001e-06 1000
1.6565000000000001e-06 1000
1.657e-06 1000
1.6575e-06 1000
1.658e-06 1000
1.6585e-06 1000
1.6590000000000001e-06 1000
1.6595000000000002e-06 1000
1.66e-06 1000
1.6605e-06 1000
1.661e-06 1000
1.6615e-06 1000
1.6620000000000001e-06 1000
1.6625e-06 1000
1.663e-06 1000
1.6635e-06 1000
1.664e-06 1000
1.6645000000000001e-06 1000
1.6650000000000002e-06 1000
1.6655e-06 1000
1.666e-06 1000
1.6665e-06 1000
1.667e-06 1000
1.6675000000000001e-06 1000
1.6680000000000002e-06 1000
1.6685e-06 1000
1.669e-06 1000
1.6695e-06 1000
1.67e-06 1000
1.6705000000000001e-06 1000
1.671e-06 1000
1.6715e-06 1000
1.672e-06 1000
1.6725e-06 1000
1.6730000000000001e-06 1000
1.6735000000000002e-06 1000
1.674e-06 1000
1.6745e-06 1000
1.675e-06 1000
1.6755e-06 1000
1.6760000000000001e-06 1000
1.6765e-06 1000
1.677e-06 1000
1.6775e-06 1000
1.678e-06 1000
1.6785000000000001e-06 1000
1.6790000000000001e-06 1000
1.6795e-06 1000
1.68e-06 1000
1.6805e-06 1000
1.681e-06 1000
1.6815000000000001e-06 1000
1.6820000000000002e-06 1000
1.6825e-06 1000
1.683e-06 1000
1.6835e-06 1000
1.684e-06 1000
1.6845000000000001e-06 1000
1.685e-06 1000
1.6855e-06 1000
1.686e-06 1000
1.6865e-06 1000
1.6870000000000001e-06 1000
1.6875000000000001e-06 1000
1.688e-06 1000
1.6885e-06 1000
1.689e-06 1000
1.6895e-06 1000
1.6900000000000001e-06 1000
1.6905000000000002e-06 1000
1.691e-06 1000
1.6915e-06 1000
1.692e-06 1000
1.6925e-06 1000
1.6930000000000001e-06 1000
1.6935e-06 1000
1.694e-06 1000
1.6945e-06 1000
1.695e-06 1000
1.6955000000000001e-06 1000
1.6960000000000002e-06 1000
1.6965e-06 1000
1.697e-06 1000
1.6975e-06 1000
1.698e-06 1000
1.6985000000000001e-06 1000
1.6990000000000002e-06 1000
1.6995e-06 1000
1.7e-06 1000
1.7005e-06 1000
1.701e-06 1000
1.7015000000000001e-06 1000
1.702e-06 1000
1.7025e-06 1000
1.703e-06 1000
1.7035e-06 1000
1.7040000000000001e-06 1000
1.7045000000000002e-06 1000
1.705e-06 1000
1.7055e-06 1000
1.706e-06 1000
1.7065e-06 1000
1.7070000000000001e-06 1000
1.7075e-06 1000
1.708e-06 1000
1.7085e-06 1000
1.709e-06 1000
1.7095000000000001e-06 1000
1.7100000000000001e-06 1000
1.7105e-06 1000
1.711e-06 1000
1.7115e-06 1000
1.712e-06 1000
1.7125000000000001e-06 1000
1.7130000000000002e-06 1000
1.7135e-06 1000
1.714e-06 1000
1.7145e-06 1000
1.715e-06 1000
1.7155000000000001e-06 1000
1.716e-06 1000
1.7165e-06 1000
1.717e-06 1000
1.7175e-06 1000
1.7180000000000001e-06 1000
1.7185000000000001e-06 1000
1.719e-06 1000
1.7195e-06 1000
1.72e-06 1000
1.7205e-06 1000
1.7210000000000001e-06 1000
1.7215000000000002e-06 1000
1.722e-06 1000
1.7225e-06 1000
1.723e-06 1000
1.7235e-06 1000
1.7240000000000001e-06 1000
1.7245e-06 1000
1.725e-06 1000
1.7255e-06 1000
1.726e-06 1000
1.7265000000000001e-06 1000
1.7270000000000002e-06 1000
1.7275e-06 1000
1.728e-06 1000
1.7285e-06 1000
1.729e-06 1000
1.7295000000000001e-06 1000
1.7300000000000002e-06 1000
1.7305e-06 1000
1.731e-06 1000
1.7315e-06 1000
1.732e-06 1000
1.7325000000000001e-06 1000
1.733e-06 1000
1.7335e-06 1000
1.734e-06 1000
1.7345e-06 1000
1.7350000000000001e-06 1000
1.7355000000000002e-06 1000
1.736e-06 1000
1.7365e-06 1000
1.737e-06 1000
1.7375e-06 1000
1.7380000000000001e-06 1000
1.7385000000000002e-06 1000
1.739e-06 1000
1.7395e-06 1000
1.74e-06 1000
1.7405000000000001e-06 1000
1.7410000000000001e-06 1000
1.7415e-06 1000
1.742e-06 1000
1.7425e-06 1000
1.743e-06 1000
1.7435000000000001e-06 1000
1.7440000000000002e-06 1000
1.7445e-06 1000
1.745e-06 1000
1.7455e-06 1000
1.746e-06 1000
1.7465000000000001e-06 1000
1.747e-06 1000
1.7475e-06 1000
1.748e-06 1000
1.7485e-06 1000
1.7490000000000001e-06 1000
1.7495000000000001e-06 1000
1.75e-06 1000
1.7505e-06 1000
1.751e-06 1000
1.7515e-06 1000
1.7520000000000001e-06 1000
1.7525000000000002e-06 1000
1.753e-06 1000
1.7535e-06 1000
1.754e-06 1000
1.7545e-06 1000
1.7550000000000001e-06 1000
1.7555e-06 1000
1.756e-06 1000
1.7565e-06 1000
1.757e-06 1000
1.7575000000000001e-06 1000
1.7580000000000002e-06 1000
1.7585e-06 1000
1.759e-06 1000
1.7595e-06 1000
1.76e-06 1000
1.7605000000000001e-06 1000
1.7610000000000002e-06 1000
1.7615e-06 1000
1.762e-06 1000
1.7625e-06 1000
1.763e-06 1000
1.7635000000000001e-06 1000
1.764e-06 1000
1.7645e-06 1000
1.765e-06 1000
1.7655e-06 1000
1.7660000000000001e-06 1000
1.7665000000000002e-06 1000
1.767e-06 1000
1.7675e-06 1000
1.768e-06 1000
1.7685e-06 1000
1.7690000000000001e-06 1000
1.7695000000000002e-06 1000
1.77e-06 1000
1.7705e-06 1000
1.771e-06 1000
1.7715000000000001e-06 1000
1.7720000000000001e-06 1000
1.7725e-06 1000
1.773e-06 1000
1.7735e-06 1000
1.774e-06 1000
1.7745000000000001e-06 1000
1.7750000000000002e-06 1000
1.7755e-06 1000
1.776e-06 1000
1.7765e-06 1000
1.777e-06 1000
1.7775000000000001e-06 1000
1.778e-06 1000
1.7785e-06 1000
1.779e-06 1000
1.7795e-06 1000
1.7800000000000001e-06 1000
1.7805000000000001e-06 1000
1.781e-06 1000
1.7815e-06 1000
1.782e-06 1000
1.7825e-06 1000
1.7830000000000001e-06 1000
1.7835000000000002e-06 1000
1.784e-06 1000
1.7845e-06 1000
1.785e-06 1000
1.7855e-06 1000
1.7860000000000001e-06 1000
1.7865e-06 1000
1.787e-06 1000
1.7875e-06 1000
1.788e-06 1000
1.7885000000000001e-06 1000
1.7890000000000002e-06 1000
1.7895e-06 1000
1.79e-06 1000
1.7905e-06 1000
1.791e-06 1000
1.7915000000000001e-06 1000
1.7920000000000002e-06 1000
1.7925e-06 1000
1.793e-06 1000
1.7935e-06 1000
1.794e-06 1000
1.7945000000000001e-06 1000
1.795e-06 1000
1.7955e-06 1000
1.796e-06 1000
1.7965e-06 1000
1.7970000000000001e-06 1000
1.7975000000000002e-06 1000
1.798e-06 1000
1.7985e-06 1000
1.799e-06 1000
1.7995e-06 1000
1.8000000000000001e-06 1000
1.8005000000000002e-06 1000
1.801e-06 1000
1.8015e-06 1000
1.802e-06 1000
1.8025000000000001e-06 1000
1.8030000000000001e-06 1000
1.8035e-06 1000
1.804e-06 1000
1.8045e-06 1000
1.805e-06 1000
1.8055000000000001e-06 1000
1.8060000000000002e-06 1000
1.8065e-06 1000
1.807e-06 1000
1.8075e-06 1000
1.808e-06 1000
1.8085000000000001e-06 1000
1.8090000000000002e-06 1000
1.8095e-06 1000
1.81e-06 1000
1.8105e-06 1000
1.8110000000000001e-06 1000
1.8115000000000001e-06 1000
1.812e-06 1000
1.8125e-06 1000
1.813e-06 1000
1.8135e-06 1000
1.8140000000000001e-06 1000
1.8145000000000002e-06 1000
1.815e-06 1000
1.8155e-06 1000
1.816e-06 1000
1.8165e-06 1000
1.8170000000000001e-06 1000
1.8175e-06 1000
1.818e-06 1000
1.8185e-06 1000
1.819e-06 1000
1.8195000000000001e-06 1000
1.8200000000000002e-06 1000
1.8205e-06 1000
1.821e-06 1000
1.8215e-06 1000
1.822e-06 1000
1.8225000000000001e-06 1000
1.8230000000000002e-06 1000
1.8235e-06 1000
1.824e-06 1000
1.8245e-06 1000
1.825e-06 1000
1.8255000000000001e-06 1000
1.826e-06 1000
1.8265e-06 1000
1.827e-06 1000
1.8275e-06 1000
1.8280000000000001e-06 1000
1.8285000000000002e-06 1000
1.829e-06 1000
1.8295e-06 1000
1.83e-06 1000
1.8305e-06 1000
1.8310000000000001e-06 1000
1.8315000000000002e-06 1000
1.832e-06 1000
1.8325e-06 1000
1.833e-06 1000
1.8335000000000001e-06 1000
1.8340000000000001e-06 1000
1.8345e-06 1000
1.835e-06 1000
1.8355e-06 1000
1.836e-06 1000
1.8365000000000001e-06 1000
1.8370000000000002e-06 1000
1.8375e-06 1000
1.838e-06 1000
1.8385e-06 1000
1.839e-06 1000
1.8395000000000001e-06 1000
1.8400000000000002e-06 1000
1.8405e-06 1000
1.841e-06 1000
1.8415e-06 1000
1.8420000000000001e-06 1000
1.8425000000000001e-06 1000
1.843e-06 1000
1.8435e-06 1000
1.844e-06 1000
1.8445e-06 1000
1.8450000000000001e-06 1000
1.8455000000000002e-06 1000
1.846e-06 1000
1.8465e-06 1000
1.847e-06 1000
1.8475e-06 1000
1.8480000000000001e-06 1000
1.8485e-06 1000
1.849e-06 1000
1.8495e-06 1000
1.85e-06 1000
1.8505000000000001e-06 1000
1.8510000000000002e-06 1000
1.8515e-06 1000
1.852e-06 1000
1.8525e-06 1000
1.853e-06 1000
1.8535000000000001e-06 1000
1.8540000000000002e-06 1000
1.8545e-06 1000
1.855e-06 1000
1.8555e-06 1000
1.856e-06 1000
1.8565000000000001e-06 1000
1.857e-06 1000
1.8575e-06 1000
1.858e-06 1000
1.8585e-06 1000
1.8590000000000001e-06 1000
1.8595000000000002e-06 1000
1.86e-06 1000
1.8605e-06 1000
1.861e-06 1000
1.8615e-06 1000
1.8620000000000001e-06 1000
1.8625000000000002e-06 1000
1.863e-06 1000
1.8635e-06 1000
1.864e-06 1000
1.8645e-06 1000
1.8650000000000001e-06 1000
1.8655e-06 1000
1.866e-06 1000
1.8665e-06 1000
1.867e-06 1000
1.8675000000000001e-06 1000
1.8680000000000002e-06 1000
1.8685e-06 1000
1.869e-06 1000
1.8695e-06 1000
1.87e-06 1000
1.8705000000000001e-06 1000
1.8710000000000002e-06 1000
1.8715e-06 1000
1.872e-06 1000
1.8725e-06 1000
1.8730000000000001e-06 1000
1.8735000000000001e-06 1000
1.874e-06 1000
1.8745e-06 1000
1.875e-06 1000
1.8755e-06 1000
1.8760000000000001e-06 1000
1.8765000000000002e-06 1000
1.877e-06 1000
1.8775e-06 1000
1.878e-06 1000
1.8785e-06 1000
1.8790000000000001e-06 1000
1.8795000000000002e-06 1000
1.88e-06 1000
1.8805e-06 1000
1.881e-06 1000
1.8815000000000001e-06 1000
1.8820000000000001e-06 1000
1.8825e-06 1000
1.883e-06 1000
1.8835e-06 1000
1.884e-06 1000
1.8845000000000001e-06 1000
1.8850000000000002e-06 1000
1.8855e-06 1000
1.886e-06 1000
1.8865e-06 1000
1.887e-06 1000
1.8875000000000001e-06 1000
1.888e-06 1000
1.8885e-06 1000
1.889e-06 1000
1.8895e-06 1000
1.8900000000000001e-06 1000
1.8905000000000002e-06 1000
1.891e-06 1000
1.8915e-06 1000
1.892e-06 1000
1.8925e-06 1000
1.8930000000000001e-06 1000
1.8935000000000002e-06 1000
1.894e-06 1000
1.8945e-06 1000
1.895e-06 1000
1.8955e-06 1000
1.8960000000000001e-06 1000
1.8965e-06 1000
1.897e-06 1000
1.8975e-06 1000
1.898e-06 1000
1.8985000000000001e-06 1000
1.8990000000000002e-06 1000
1.8995e-06 1000
1.9e-06 1000
1.9005e-06 1000
1.901e-06 1000
1.9015000000000001e-06 1000
1.9020000000000002e-06 1000
1.9025e-06 1000
1.903e-06 1000
1.9035e-06 1000
1.9040000000000001e-06 1000
1.9045000000000001e-06 1000
1.905e-06 1000
1.9055e-06 1000
1.906e-06 1000
1.9065e-06 1000
1.9070000000000001e-06 1000
1.9075e-06 1000
1.908e-06 1000
1.9085e-06 1000
1.9090000000000003e-06 1000
1.9095e-06 1000
1.91e-06 1000
1.9105e-06 1000
1.911e-06 1000
1.9115000000000002e-06 1000
1.912e-06 1000
1.9125e-06 1000
1.913e-06 1000
1.9135e-06 1000
1.9140000000000002e-06 1000
1.9145e-06 1000
1.915e-06 1000
1.9155e-06 1000
1.916e-06 1000
1.9165e-06 1000
1.917e-06 1000
1.9175000000000003e-06 1000
1.918e-06 1000
1.9185e-06 1000
1.919e-06 1000
1.9195e-06 1000
1.9200000000000003e-06 1000
1.9205e-06 1000
1.921e-06 1000
1.9215e-06 1000
1.922e-06 1000
1.9225000000000002e-06 1000
1.923e-06 1000
1.9235e-06 1000
1.924e-06 1000
1.9245e-06 1000
1.925e-06 1000
1.9255e-06 1000
1.9260000000000003e-06 1000
1.9265e-06 1000
1.927e-06 1000
1.9275e-06 1000
1.928e-06 1000
1.9285000000000003e-06 1000
1.929e-06 1000
1.9295e-06 1000
1.93e-06 1000
1.9305e-06 1000
1.9310000000000002e-06 1000
1.9315e-06 1000
1.932e-06 1000
1.9325e-06 1000
1.933e-06 1000
1.9335e-06 1000
1.934e-06 1000
1.9345e-06 1000
1.935e-06 1000
1.9355e-06 1000
1.936e-06 1000
1.9365e-06 1000
1.9370000000000003e-06 1000
1.9375e-06 1000
1.938e-06 1000
1.9385e-06 1000
1.939e-06 1000
1.9395000000000002e-06 1000
1.94e-06 1000
1.9405e-06 1000
1.941e-06 1000
1.9415e-06 1000
1.942e-06 1000
1.9425e-06 1000
1.943e-06 1000
1.9435e-06 1000
1.944e-06 1000
1.9445e-06 1000
1.945e-06 1000
1.9455000000000003e-06 1000
1.946e-06 1000
1.9465e-06 1000
1.947e-06 1000
1.9475e-06 1000
1.9480000000000002e-06 1000
1.9485e-06 1000
1.949e-06 1000
1.9495e-06 1000
1.95e-06 1000
1.9505000000000002e-06 1000
1.951e-06 1000
1.9515e-06 1000
1.952e-06 1000
1.9525e-06 1000
1.953e-06 1000
1.9535e-06 1000
1.9540000000000003e-06 1000
1.9545e-06 1000
1.955e-06 1000
1.9555e-06 1000
1.956e-06 1000
1.9565000000000002e-06 1000
1.957e-06 1000
1.9575e-06 1000
1.958e-06 1000
1.9585e-06 1000
1.9590000000000002e-06 1000
1.9595e-06 1000
1.96e-06 1000
1.9605e-06 1000
1.961e-06 1000
1.9615e-06 1000
1.962e-06 1000
1.9625000000000003e-06 1000
1.963e-06 1000
1.9635e-06 1000
1.964e-06 1000
1.9645e-06 1000
1.9650000000000002e-06 1000
1.9655e-06 1000
1.966e-06 1000
1.9665e-06 1000
1.967e-06 1000
1.9675000000000002e-06 1000
1.968e-06 1000
1.9685e-06 1000
1.969e-06 1000
1.9695e-06 1000
1.97e-06 1000
1.9705e-06 1000
1.9710000000000003e-06 1000
1.9715e-06 1000
1.972e-06 1000
1.9725e-06 1000
1.973e-06 1000
1.9735000000000002e-06 1000
1.974e-06 1000
1.9745e-06 1000
1.975e-06 1000
1.9755e-06 1000
1.9760000000000002e-06 1000
1.9765e-06 1000
1.977e-06 1000
1.9775e-06 1000
1.978e-06 1000
1.9785e-06 1000
1.979e-06 1000
1.9795000000000003e-06 1000
1.98e-06 1000
1.9805e-06 1000
1.981e-06 1000
1.9815e-06 1000
1.9820000000000003e-06 1000
1.9825e-06 1000
1.983e-06 1000
1.9835e-06 1000
1.984e-06 1000
1.9845000000000002e-06 1000
1.985e-06 1000
1.9855e-06 1000
1.986e-06 1000
1.9865e-06 1000
1.987e-06 1000
1.9875e-06 1000
1.9880000000000003e-06 1000
1.9885e-06 1000
1.989e-06 1000
1.9895e-06 1000
1.99e-06 1000
1.9905000000000003e-06 1000
1.991e-06 1000
1.9915e-06 1000
1.992e-06 1000
1.9925e-06 1000
1.9930000000000002e-06 1000
1.9935e-06 1000
1.994e-06 1000
1.9945e-06 1000
1.995e-06 1000
1.9955e-06 1000
1.996e-06 1000
1.9965000000000003e-06 1000
1.997e-06 1000
1.9975e-06 1000
1.998e-06 1000
1.9985e-06 1000
1.9990000000000003e-06 1000
1.9995e-06 1000
2e-06 1000
