0 0 0 0
0.02 0.000608584 0.000608584 0
0.04 0.00121877 0.00121877 0
0.06 0.00183214 0.00183214 0
0.08 0.00245031 0.00245031 0
0.1 0.00307487 0.00307487 0
0.12 0.00370741 0.00370741 0
0.14 0.00434954 0.00434954 0
0.16 0.00500285 0.00500285 0
0.18 0.00566895 0.00566895 0
0.2 0.00634941 0.00634941 0
0.22 0.00704586 0.00704586 0
0.24 0.00775987 0.00775987 0
0.26 0.00849305 0.00849305 0
0.28 0.009247 0.009247 0
0.3 0.0100233 0.0100233 0
0.32 0.0108236 0.0108236 0
0.34 0.0116494 0.0116494 0
0.36 0.0125024 0.0125024 0
0.38 0.0133842 0.0133842 0
0.4 0.014296 0.014296 0
0.42 0.0152386 0.0152386 0
0.44 0.0162126 0.0162126 0
0.46 0.0172185 0.0172185 0
0.48 0.018257 0.018257 0
0.5 0.0193285 0.0193285 0
0.52 0.0204337 0.0204337 0
0.54 0.0215733 0.0215733 0
0.56 0.0227476 0.0227476 0
0.58 0.0239574 0.0239574 0
0.6 0.0252032 0.0252032 0
0.62 0.0264856 0.0264856 0
0.64 0.0278051 0.0278051 0
0.66 0.0291625 0.0291625 0
0.68 0.0305581 0.0305581 0
0.7 0.0319927 0.0319927 0
0.72 0.0334668 0.0334668 0
0.74 0.0349809 0.0349809 0
0.76 0.0365358 0.0365358 0
0.78 0.0381318 0.0381318 0
0.8 0.0397697 0.0397697 0
0.82 0.04145 0.04145 0
0.84 0.043173 0.043173 0
0.86 0.0449375 0.0449375 0
0.88 0.0467422 0.0467422 0
0.9 0.0485858 0.0485858 0
0.92 0.0504667 0.0504667 0
0.94 0.0523836 0.0523836 0
0.96 0.0543352 0.0543352 0
0.98 0.0563199 0.0563199 0
1 0.0583365 0.0583365 0
1.02 0.0603835 0.0603835 0
1.04 0.0624595 0.0624595 0
1.06 0.0645631 0.0645631 0
1.08 0.066693 0.066693 0
1.1 0.0688476 0.0688476 0
1.12 0.0710257 0.0710257 0
1.14 0.0732259 0.0732259 0
1.16 0.0754466 0.0754466 0
1.18 0.0776867 0.0776867 0
1.2 0.0799445 0.0799445 0
1.22 0.0822188 0.0822188 0
1.24 0.0845082 0.0845082 0
1.26 0.0868112 0.0868112 0
1.28 0.0891264 0.0891264 0
1.3 0.0914525 0.0914525 0
1.32 0.0937881 0.0937881 0
1.34 0.0961317 0.0961317 0
1.36 0.098482 0.098482 0
1.38 0.100838 0.100838 0
1.4 0.103197 0.103197 0
1.42 0.105559 0.105559 0
1.44 0.107922 0.107922 0
1.46 0.110285 0.110285 0
1.48 0.112646 0.112646 0
1.5 0.115004 0.115004 0
1.52 0.117357 0.117357 0
1.54 0.119704 0.119704 0
1.56 0.122044 0.122044 0
1.58 0.124376 0.124376 0
1.6 0.126697 0.126697 0
1.62 0.129007 0.129007 0
1.64 0.131304 0.131304 0
1.66 0.133587 0.133587 0
1.68 0.135854 0.135854 0
1.7 0.13811 0.13811 0
1.72 0.140361 0.140361 0
1.74 0.142616 0.142616 0
1.76 0.14488 0.14488 0
1.78 0.147161 0.147161 0
1.8 0.149466 0.149466 0
1.82 0.151803 0.151803 0
1.84 0.154178 0.154178 0
1.86 0.156589 0.156589 0
1.88 0.15903 0.15903 0
1.9 0.161494 0.161494 0
1.92 0.163973 0.163973 0
1.94 0.16646 0.16646 0
1.96 0.168948 0.168948 0
1.98 0.17143 0.17143 0
2 0.173898 0.173898 0
2.02 0.176345 0.176345 0
2.04 0.178765 0.178765 0
2.06 0.181149 0.181149 0
2.08 0.183491 0.183491 0
2.1 0.185784 0.185784 0
2.12 0.188019 0.188019 0
2.14 0.190191 0.190191 0
2.16 0.192293 0.192293 0
2.18 0.194327 0.194327 0
2.2 0.196297 0.196297 0
2.22 0.198206 0.198206 0
2.24 0.200058 0.200058 0
2.26 0.201857 0.201857 0
2.28 0.203606 0.203606 0
2.3 0.205309 0.205309 0
2.32 0.20697 0.20697 0
2.34 0.208592 0.208592 0
2.36 0.21018 0.21018 0
2.38 0.211736 0.211736 0
2.4 0.213265 0.213265 0
2.42 0.21477 0.21477 0
2.44 0.216255 0.216255 0
2.46 0.217723 0.217723 0
2.48 0.219174 0.219174 0
2.5 0.220609 0.220609 0
2.52 0.22203 0.22203 0
2.54 0.223437 0.223437 0
2.56 0.224831 0.224831 0
2.58 0.226213 0.226213 0
2.6 0.227585 0.227585 0
2.62 0.228946 0.228946 0
2.64 0.230298 0.230298 0
2.66 0.231642 0.231642 0
2.68 0.232978 0.232978 0
2.7 0.234308 0.234308 0
2.72 0.235633 0.235633 0
2.74 0.236953 0.236953 0
2.76 0.238269 0.238269 0
2.78 0.239582 0.239582 0
2.8 0.240894 0.240894 0
2.82 0.242205 0.242205 0
2.84 0.243515 0.243515 0
2.86 0.244827 0.244827 0
2.88 0.24614 0.24614 0
2.9 0.247456 0.247456 0
2.92 0.248776 0.248776 0
2.94 0.2501 0.2501 0
2.96 0.251429 0.251429 0
2.98 0.252765 0.252765 0
3 0.254109 0.254109 0
3.02 0.25546 0.25546 0
3.04 0.256821 0.256821 0
3.06 0.258191 0.258191 0
3.08 0.259573 0.259573 0
3.1 0.260966 0.260966 0
3.12 0.262372 0.262372 0
3.14 0.263792 0.263792 0
3.16 0.265226 0.265226 0
3.18 0.266676 0.266676 0
3.2 0.268142 0.268142 0
3.22 0.269626 0.269626 0
3.24 0.271128 0.271128 0
3.26 0.272649 0.272649 0
3.28 0.27419 0.27419 0
3.3 0.275752 0.275752 0
3.32 0.277335 0.277335 0
3.34 0.278942 0.278942 0
3.36 0.280572 0.280572 0
3.38 0.282227 0.282227 0
3.4 0.283908 0.283908 0
3.42 0.285615 0.285615 0
3.44 0.287349 0.287349 0
3.46 0.289112 0.289112 0
3.48 0.290904 0.290904 0
3.5 0.292726 0.292726 0
3.52 0.294579 0.294579 0
3.54 0.296464 0.296464 0
3.56 0.298382 0.298382 0
3.58 0.300333 0.300333 0
3.6 0.302319 0.302319 0
3.62 0.304341 0.304341 0
3.64 0.306399 0.306399 0
3.66 0.308495 0.308495 0
3.68 0.310629 0.310629 0
3.7 0.312802 0.312802 0
3.72 0.314911 0.314911 0
3.74 0.317022 0.317022 0
3.76 0.319206 0.319206 0
3.78 0.321467 0.321467 0
3.8 0.323809 0.323809 0
3.82 0.326237 0.326237 0
3.84 0.328755 0.328755 0
3.86 0.331368 0.331368 0
3.88 0.334082 0.334082 0
3.9 0.336901 0.336901 0
3.92 0.339831 0.339831 0
3.94 0.342877 0.342877 0
3.96 0.346045 0.346045 0
3.98 0.349339 0.349339 0
4 0.352765 0.352765 0
4.02 0.356327 0.356327 0
4.04 0.360029 0.360029 0
4.06 0.363877 0.363877 0
4.08 0.367871 0.367871 0
4.1 0.372015 0.372015 0
4.12 0.37631 0.37631 0
4.14 0.380753 0.380753 0
4.16 0.385343 0.385343 0
4.18 0.390075 0.390075 0
4.2 0.394941 0.394941 0
4.22 0.39993 0.39993 0
4.24 0.405029 0.405029 0
4.26 0.410219 0.410219 0
4.28 0.415478 0.415478 0
4.3 0.42078 0.42078 0
4.32 0.426093 0.426093 0
4.34 0.431381 0.431381 0
4.36 0.436604 0.436604 0
4.38 0.441716 0.441716 0
4.4 0.44667 0.44667 0
4.42 0.451415 0.451415 0
4.44 0.455897 0.455897 0
4.46 0.460065 0.460065 0
4.48 0.463869 0.463869 0
4.5 0.467259 0.467259 0
4.52 0.470196 0.470196 0
4.54 0.472643 0.472643 0
4.56 0.474575 0.474575 0
4.58 0.475974 0.475974 0
4.6 0.476833 0.476833 0
4.62 0.477157 0.477157 0
4.64 0.47696 0.47696 0
4.66 0.476264 0.476264 0
4.68 0.475102 0.475102 0
4.7 0.473513 0.473513 0
4.72 0.471539 0.471539 0
4.74 0.469229 0.469229 0
4.76 0.46663 0.46663 0
4.78 0.463792 0.463792 0
4.8 0.460762 0.460762 0
4.82 0.457586 0.457586 0
4.84 0.454307 0.454307 0
4.86 0.450963 0.450963 0
4.88 0.447589 0.447589 0
4.9 0.444215 0.444215 0
4.92 0.440869 0.440869 0
4.94 0.437572 0.437572 0
4.96 0.434344 0.434344 0
4.98 0.431199 0.431199 0
5 0.42815 0.42815 0
5.02 0.425205 0.425205 0
5.04 0.422373 0.422373 0
5.06 0.419657 0.419657 0
5.08 0.41706 0.41706 0
5.1 0.414584 0.414584 0
5.12 0.412229 0.412229 0
5.14 0.409994 0.409994 0
5.16 0.407878 0.407878 0
5.18 0.405877 0.405877 0
5.2 0.403989 0.403989 0
5.22 0.402211 0.402211 0
5.24 0.400538 0.400538 0
5.26 0.398969 0.398969 0
5.28 0.397497 0.397497 0
5.3 0.39612 0.39612 0
5.32 0.394833 0.394833 0
5.34 0.393633 0.393633 0
5.36 0.392516 0.392516 0
5.38 0.391478 0.391478 0
5.4 0.390515 0.390515 0
5.42 0.389624 0.389624 0
5.44 0.388802 0.388802 0
5.46 0.388044 0.388044 0
5.48 0.387348 0.387348 0
5.5 0.386711 0.386711 0
5.52 0.386131 0.386131 0
5.54 0.385603 0.385603 0
5.56 0.385127 0.385127 0
5.58 0.384698 0.384698 0
5.6 0.384315 0.384315 0
5.62 0.383976 0.383976 0
5.64 0.383679 0.383679 0
5.66 0.38342 0.38342 0
5.68 0.3832 0.3832 0
5.7 0.383015 0.383015 0
5.72 0.382864 0.382864 0
5.74 0.382746 0.382746 0
5.76 0.382658 0.382658 0
5.78 0.3826 0.3826 0
5.8 0.38257 0.38257 0
5.82 0.382566 0.382566 0
5.84 0.382589 0.382589 0
5.86 0.382635 0.382635 0
5.88 0.382705 0.382705 0
5.9 0.382797 0.382797 0
5.92 0.382914 0.382914 0
5.94 0.383061 0.383061 0
5.96 0.383236 0.383236 0
5.98 0.383438 0.383438 0
6 0.383667 0.383667 0
6.02 0.383922 0.383922 0
6.04 0.384203 0.384203 0
6.06 0.384508 0.384508 0
6.08 0.384838 0.384838 0
6.1 0.385191 0.385191 0
6.12 0.385567 0.385567 0
6.14 0.385965 0.385965 0
6.16 0.386386 0.386386 0
6.18 0.386828 0.386828 0
6.2 0.387292 0.387292 0
6.22 0.387776 0.387776 0
6.24 0.388281 0.388281 0
6.26 0.388805 0.388805 0
6.28 0.38935 0.38935 0
6.3 0.389913 0.389913 0
6.32 0.390496 0.390496 0
6.34 0.391098 0.391098 0
6.36 0.391718 0.391718 0
6.38 0.392356 0.392356 0
6.4 0.393013 0.393013 0
6.42 0.393687 0.393687 0
6.44 0.394378 0.394378 0
6.46 0.395087 0.395087 0
6.48 0.395814 0.395814 0
6.5 0.396557 0.396557 0
6.52 0.397317 0.397317 0
6.54 0.398093 0.398093 0
6.56 0.398886 0.398886 0
6.58 0.399696 0.399696 0
6.6 0.400521 0.400521 0
6.62 0.401363 0.401363 0
6.64 0.402221 0.402221 0
6.66 0.403094 0.403094 0
6.68 0.403983 0.403983 0
6.7 0.404888 0.404888 0
6.72 0.405808 0.405808 0
6.74 0.406744 0.406744 0
6.76 0.407695 0.407695 0
6.78 0.408662 0.408662 0
6.8 0.409643 0.409643 0
6.82 0.41064 0.41064 0
6.84 0.411652 0.411652 0
6.86 0.412679 0.412679 0
6.88 0.413721 0.413721 0
6.9 0.414777 0.414777 0
6.92 0.415849 0.415849 0
6.94 0.416936 0.416936 0
6.96 0.418037 0.418037 0
6.98 0.419153 0.419153 0
7 0.420284 0.420284 0
7.02 0.421429 0.421429 0
7.04 0.422589 0.422589 0
7.06 0.423764 0.423764 0
7.08 0.424954 0.424954 0
7.1 0.426158 0.426158 0
7.12 0.427376 0.427376 0
7.14 0.42861 0.42861 0
7.16 0.429858 0.429858 0
7.18 0.43112 0.43112 0
7.2 0.432397 0.432397 0
7.22 0.433689 0.433689 0
7.24 0.434995 0.434995 0
7.26 0.436315 0.436315 0
7.28 0.437651 0.437651 0
7.3 0.439001 0.439001 0
7.32 0.440365 0.440365 0
7.34 0.441744 0.441744 0
7.36 0.443138 0.443138 0
7.38 0.444546 0.444546 0
7.4 0.445969 0.445969 0
7.42 0.447406 0.447406 0
7.44 0.448858 0.448858 0
7.46 0.450325 0.450325 0
7.48 0.451806 0.451806 0
7.5 0.453303 0.453303 0
7.52 0.454813 0.454813 0
7.54 0.456339 0.456339 0
7.56 0.457879 0.457879 0
7.58 0.459435 0.459435 0
7.6 0.461005 0.461005 0
7.62 0.462589 0.462589 0
7.64 0.464189 0.464189 0
7.66 0.465804 0.465804 0
7.68 0.467433 0.467433 0
7.7 0.469077 0.469077 0
7.72 0.470737 0.470737 0
7.74 0.472411 0.472411 0
7.76 0.4741 0.4741 0
7.78 0.475805 0.475805 0
7.8 0.477524 0.477524 0
7.82 0.479259 0.479259 0
7.84 0.481009 0.481009 0
7.86 0.482774 0.482774 0
7.88 0.484554 0.484554 0
7.9 0.48635 0.48635 0
7.92 0.48816 0.48816 0
7.94 0.489987 0.489987 0
7.96 0.491828 0.491828 0
7.98 0.493685 0.493685 0
8 0.495557 0.495557 0
8.02 0.497445 0.497445 0
8.04 0.499348 0.499348 0
8.06 0.501267 0.501267 0
8.08 0.503202 0.503202 0
8.1 0.505152 0.505152 0
8.12 0.507118 0.507118 0
8.14 0.509099 0.509099 0
8.16 0.511097 0.511097 0
8.18 0.51311 0.51311 0
8.2 0.515139 0.515139 0
8.22 0.517184 0.517184 0
8.24 0.519244 0.519244 0
8.26 0.521321 0.521321 0
8.28 0.523414 0.523414 0
8.3 0.525523 0.525523 0
8.32 0.527648 0.527648 0
8.34 0.529789 0.529789 0
8.36 0.531946 0.531946 0
8.38 0.534119 0.534119 0
8.4 0.536309 0.536309 0
8.42 0.538515 0.538515 0
8.44 0.540738 0.540738 0
